Pos	A	C	G	T
1	0.23254103360634	0.284026259822607	0.175750732429291	0.307681974141761
2	0.381584401083365	0.203228723430749	0.197222406943135	0.217964468542752
3	0.225201775218898	0.191904294022134	0.458058442172048	0.124835488586921
4	0.478098020899174	0.000472279540104837	0.411502780111377	0.109926919449344
5	0.180609624587668	0.00743603615788276	0.079546195787869	0.732408143466581
6	0.441082825025773	0.0469570178773822	0.204227112221124	0.307733044875721
7	0.181089866752329	0.613385375220238	0.128894392914744	0.0766303651126884
8	0.602456499030515	0.10159714783697	0.186982580886558	0.108963772245956
9	0.143308196714682	0.180367697801069	0.258526326679086	0.417797778805162
