Pos	A	C	G	T
1	0.24319787213999	0.221181378307185	0.281302972866078	0.254317906220705
2	0.240164638912989	0.159268555867165	0.3572376527057	0.243329260977013
3	0.448546552179645	0.0933935781062321	0.346591575374343	0.111468130312988
4	0.085710357234086	0.186342668580836	0.00109210548035495	0.726855115969734
5	0.297342648773444	0.0486575660450358	0.477834910905292	0.176164978117823
6	0.176164978117823	0.477834910905292	0.0486575660450358	0.297342648773444
7	0.726855115969734	0.00109210548035495	0.186342668580836	0.085710357234086
8	0.111468130312988	0.346591575374343	0.0933935781062321	0.448546552179645
9	0.243329260977013	0.3572376527057	0.159268555867165	0.240164638912989
10	0.254317906220705	0.281302972866078	0.221181378307185	0.24319787213999
