Pos	A	C	G	T
1	0.204241245394227	0.387276271214286	0.204241245394227	0.204241245394227
2	0.696105449963375	0.101298185811197	0.101298185811197	0.101298185811197
3	0.0227330935210743	0.0227330935210743	0.931800726833742	0.0227330935210743
4	0.499115324833073	0.000148807984798371	0.500587066594295	0.000148807984798371
5	0.000148807984798371	0.000148807984798371	0.000148807984798371	0.99955358344257
6	0.505702135994553	0.000148807984798371	0.000148807984798371	0.494000255432815
7	0.000148807984798371	0.99955358344257	0.000148807984798371	0.000148807984798371
8	0.99955358344257	0.000148807984798371	0.000148807984798371	0.000148807984798371
9	0.0459075644398133	0.0459075644398133	0.0459075644398133	0.862277314077525
10	0.148850624022843	0.148850624022843	0.148850624022843	0.553448135328437
11	0.227415716312965	0.317752858458069	0.227415716312965	0.227415716312965
