Pos	A	C	G	T
1	0.216684466407996	0.323255238560833	0.262025603814038	0.198034691217133
2	0.297133913536241	0.470682102455795	0.113770461693415	0.118413522314549
3	0.0536499408555366	9.65668627556423e-05	0.946224982830691	2.85094510165503e-05
4	0.057636172095945	0.83226454908127	0.0476627589618026	0.0624365198609821
5	0.127081743844249	0.784330534330002	0.0326168991191687	0.0559708227065808
6	0.20592999253349	0.0925303102382412	0.618647886765734	0.0828918104625341
7	0.241989257233552	0.346850320379372	0.13280652019298	0.278353902194096
8	0.128128594268033	0.680640592176782	0.0668889915272945	0.124341822027891
9	0.307219612314049	0.319757482537511	0.140831317094171	0.232191588054269
