Pos	A	C	G	T
1	0.239471701843785	0.270003589865751	0.198033311167034	0.29249139712343
2	0.357704185836154	0.210546461476755	0.194358880265682	0.237390472421409
3	0.230071387430793	0.198024278313879	0.4192174004271	0.152686933828228
4	0.430090865658719	0.0231963862706152	0.41322676160357	0.133485986467096
5	0.177508172871816	0.0148651069714886	0.0805611603887021	0.727065559767993
6	0.379545704892217	0.0736242919067091	0.223402488139629	0.323427515061445
7	0.157762083363588	0.686144396721853	0.0604059794063232	0.0956875405082358
8	0.574252165300734	0.0867533133678736	0.193073049556451	0.145921471774941
9	0.116241756242636	0.222665830094608	0.238810924459406	0.42228148920335
10	0.232474844441408	0.239554757483574	0.246850285977833	0.281120112097185
