Pos	A	C	G	T
1	0.424681374314204	0.113447387191986	0.24016812053968	0.22170311795413
2	0.070465966673784	0.536533955425172	0.107246492249396	0.285753585651648
3	0.924822767356353	0.0145792912894988	0.0126746269491035	0.0479233144050451
4	0.181754910619237	0.737052507342732	0.0182225371867041	0.062970044851327
5	0.0980948711910345	0.0304454051314086	0.71761634186626	0.153843381811297
6	0.127058295160759	0.466214578924406	0.140421132709572	0.266305993205263
7	0.414462618811705	0.236744804514151	0.0845195431048352	0.26427303356931
8	0.741922645653488	0.0273644571536582	0.0513797942420682	0.179333102950785
9	0.203953844761736	0.332917168899294	0.195956700122912	0.267172286216059
