Pos	A	C	G	T
1	0.309276708706879	0.185719296224085	0.222346366099478	0.282657628969558
2	0.413773257603263	0.115044399568603	0.115044399568603	0.35613794325953
3	0.207566531826872	0.294550929472154	0.127160735956984	0.370721802743991
4	0.629383410524554	0.0868984874963099	0.187680420775076	0.0960376812040602
5	0.0802739893843957	0.0516993728330337	0.000673980332531854	0.867352657450039
6	0.124740920729824	0.207729956922927	0.209817677698035	0.457711444649214
7	0.0714159101826443	0.741385457655871	0.0838073469588433	0.103391285202641
8	0.131045736990121	0.342251689098747	0.213908082027281	0.312794491883852
9	0.207115303663294	0.30590532560971	0.228897810293214	0.258081560433782
