Pos	A	C	G	T
1	0.227799482481681	0.316601552554957	0.227799482481681	0.227799482481681
2	0.304548305567257	0.391204850229828	0.106861399521365	0.19738544468155
3	0.200496687975337	0.0225916650851035	0.754319981854456	0.0225916650851035
4	0.000231448264369465	0.000231448264369465	0.999305655206892	0.000231448264369465
5	0.000231448264369465	0.000231448264369465	0.000231448264369465	0.999305655206892
6	0.000231448264369465	0.999305655206892	0.000231448264369465	0.000231448264369465
7	0.999305655206892	0.000231448264369465	0.000231448264369465	0.000231448264369465
8	0.999305655206892	0.000231448264369465	0.000231448264369465	0.000231448264369465
9	0.114025301924261	0.841110766510362	0.0224319657826886	0.0224319657826886
10	0.143370048743004	0.143370048743004	0.465071563803343	0.248188338710648
11	0.317080650462202	0.227639783179266	0.227639783179266	0.227639783179266
