Pos	A	C	G	T
1	0.177421677060697	0.320066650026067	0.204083506467403	0.298428166445833
2	0.251780814618456	0.145264893265055	0.463385316786891	0.139568975329597
3	0.103997029350786	0.0755173427256786	0.716488598572749	0.103997029350786
4	0.082691581243229	0.132306049806627	0.655316154458793	0.129686214491351
5	0.211330080061394	0.240668693418896	0.203043709099573	0.344957517420137
6	0.138269196621436	0.691734689133179	0.0633834309179593	0.106612683327425
7	0.141211448021001	0.692465486714503	0.113324841528565	0.0529982237359303
8	0.665117448903242	0.0882314645472616	0.17070956124008	0.0759415253094164
9	0.0902997901807857	0.6159311184091	0.15495505958995	0.138814031820164
