Pos	A	C	G	T
1	0.210409641284833	0.29267310493239	0.192299932854864	0.304617320927913
2	0.0932296315803998	0.010227351049049	0.867023088010801	0.02951992935975
3	2.18504953647241e-05	0.028402248434041	0.00237849589893362	0.969197405171661
4	0.999915324388522	3.26363233246756e-05	1.94029648284225e-05	3.26363233246756e-05
5	3.50261724226098e-05	0.990629188136611	0.00901004697828175	0.000325738712684503
6	0.0551694040267928	0.0474847461016801	0.845906238508443	0.051439611363084
7	0.1713029100953	0.0116282024596677	0.730283922339112	0.0867849651059199
8	0.345408585747181	0.279982758039437	0.108280818411157	0.266327837802225
9	0.265581239295397	0.276419815280149	0.215275968605722	0.242722976818733
