Pos	A	C	G	T
1	0.196596921017409	0.284620167675351	0.290369876460052	0.228413034847188
2	0.230898226332991	0.347921553965474	0.255182004774161	0.165998214927374
3	0.457790271222838	0.0734357707223139	0.457790271222838	0.0109836868320107
4	0.000580726502609498	0.903724565862194	0.0870536530747833	0.00864105456041303
5	0.0161208603310745	0.88901499744742	0.0946432070347789	0.00022093518672669
6	0.111019802094265	0.0524420412078999	0.804087892563343	0.0324502641344921
7	0.305618885526386	0.31179279655045	0.24526490065638	0.137323417266783
8	0.154397654589994	0.538900766233055	0.141108831464676	0.165592747712274
9	0.378153715757166	0.19350450009669	0.153745827568401	0.274595956577743
