Pos	A	C	G	T
1	0.243763241440111	0.246213102745147	0.251186937351895	0.258836718462847
2	0.283785733168106	0.249190955660826	0.234679204133709	0.232344107037358
3	0.193713464922137	0.251232820838763	0.132473163113562	0.422580551125538
4	0.668741975949036	0.0941979387669794	0.102043408866528	0.135016676417457
5	0.590910802714864	0.22852944864893	0.085769638506529	0.0947901101296764
6	0.132271505048891	0.661729370401122	0.0826699906912849	0.123329133858702
7	0.234527164703396	0.139431218485603	0.398445777327642	0.227595839483359
8	0.349122699536891	0.102045973795735	0.409699283205479	0.139132043461895
9	0.331203233623168	0.257941337712394	0.158021671646925	0.252833757017513
10	0.279702190766609	0.296998008301778	0.180138397923826	0.243161403007788
