Pos	A	C	G	T
1	0.248087781556936	0.396939009867769	0.174824504878244	0.180148703697052
2	0.000248259065193222	0.127321774368886	0.770251849241156	0.102178117324765
3	0.000249198587305046	0.871743158585991	0.127803616279647	0.00020402654705712
4	0.149820525310616	0.77235020417437	0.0774349384496701	0.000394332065343473
5	0.123774080765456	0.163769176247693	0.712270656182548	0.000186086804301822
6	0.223815864923182	0.39576621949371	0.133063130670238	0.247354784912871
7	0.323972636680275	0.428657853952968	0.0366223627494429	0.210747146617315
8	0.376939242140812	0.171071913206106	0.196779539476709	0.255209305176373
9	0.268428750152984	0.224210538895962	0.172877891577194	0.33448281937386
