Pos	A	C	G	T
1	0.227383386014545	0.227383386014545	0.227383386014545	0.317849841956365
2	0.186904811710954	0.186904811710954	0.339704369679282	0.28648600689881
3	0.000144266211554858	0.000144266211554858	0.936854679202439	0.0628567883744516
4	0.000144266211554858	0.000144266211554858	0.936854679202439	0.0628567883744516
5	0.0830280900740518	0.122375256613524	0.633433983060261	0.161162670252163
6	0.000144266211554858	0.856178128376731	0.0808208170372625	0.0628567883744516
7	0.0628567883744516	0.936854679202439	0.000144266211554858	0.000144266211554858
8	0.0628567883744516	0.936854679202439	0.000144266211554858	0.000144266211554858
9	0.786693750243449	0.103437431022718	0.0871079385368232	0.0227608801970099
10	0.125951976663498	0.7475691143353	0.0632394545006009	0.0632394545006009
