Pos	A	C	G	T
1	0.296901080542844	0.174757451526033	0.243082045270719	0.285259422660404
2	0.110391359026402	0.397037947148117	0.114896515851644	0.377674177973837
3	0.669291115352256	0.0482414744060851	0.0887851242113337	0.193682286030325
4	0.192037522249255	0.576912599556902	0.0706466563809348	0.160403221812908
5	0.125482952007338	0.0938943213438986	0.573736314581492	0.206886412067272
6	0.155160509536328	0.288432222134048	0.224631240470505	0.331776027859119
7	0.419181388262409	0.269968081101245	0.0665733091764478	0.244277221459898
8	0.518674199557559	0.104718514892631	0.0919528494620246	0.284654436087786
9	0.218512644489206	0.316348319148878	0.170177818646382	0.294961217715535
10	0.226684874497737	0.282466747277257	0.138873137291187	0.351975240933819
