Pos	A	C	G	T
1	0.192611636678067	0.344011785283003	0.176033781408892	0.287342796630038
2	0.253993357222898	0.0566735784881386	0.6633535552244	0.0259795090645632
3	0.0202189473392924	0.725325232822211	0.00813861608977633	0.246317203748721
4	0.0116959913111211	0.971893430812191	0.0119322660085068	0.00447831186818103
5	0.00973329686322957	0.0022604246049126	0.987871543792295	0.000134734739562461
6	0.937163464647828	0.0195477017702138	0.0261240859721585	0.0171647476097993
7	0.00191755452773036	0.993317836316768	0.000664347907875816	0.0041002612476256
8	0.594632250282558	0.104370090820049	0.143730949826788	0.157266709070605
9	0.129051788618978	0.139800133669373	0.104607346772528	0.62654073093912
