Pos	A	C	G	T
1	0.241990193986959	0.259536462831241	0.22563016135395	0.27284318182785
2	0.351522415780919	0.147270860708326	0.279296371381937	0.221910352128818
3	0.0406828830020826	0.542293538340107	0.104147424512863	0.312876154144948
4	0.984638621940688	0.00199825578713865	0.00197837280984827	0.0113847494623253
5	0.0548179450666716	0.938251094539307	0.000545538229737836	0.00638542216428346
6	0.0069908461611545	0.0039141633469238	0.957764191666997	0.0313307988249246
7	0.115696940809792	0.273410462863998	0.317657638067536	0.293234958258674
8	0.51662403408645	0.349783853832242	0.0343745135160738	0.0992175985652342
9	0.659769778510467	0.0282725382668091	0.0716570077005258	0.240300675522198
10	0.167484700711175	0.347544254485019	0.240060748003568	0.244910296800238
