Pos	A	C	G	T
1	0.158778624954044	0.193932650449198	0.170291374269494	0.476997350327264
2	0.26584722762984	0.222054270032227	0.238155021289181	0.273943481048753
3	0.117613681961137	0.0727773930526205	0.725894996610658	0.0837139283755842
4	0.000544688117622137	0.946203904196275	0.0011882220217826	0.0520631856643203
5	0.00519924020419898	0.000280414195510982	0.923815613703668	0.070704731896622
6	0.00989139201911371	0.0312389241356601	0.0947900916664112	0.864079592178815
7	0.348721028969738	0.266206482771684	0.201194531558466	0.183877956700113
8	0.457464492422918	0.191655457854524	0.15535289479659	0.195527154925967
9	0.375122706442014	0.171958503632755	0.232119700654504	0.220799089270727
