Pos	A	C	G	T
1	0.349392852648555	0.137854246411456	0.2640654374251	0.24868746351489
2	0.0645725358052636	0.491660863858141	0.0972990453744709	0.346467554962124
3	0.940279266271172	0.000282571665972	0.0286793377226859	0.0307588243401697
4	0.0978226262961663	0.86536891092971	0.000459854981831728	0.0363486077922926
5	0.0636149910058937	0.0143370794587233	0.85649557362628	0.0655523559091033
6	0.110385747215381	0.274233799129547	0.312305234108815	0.303075219546257
7	0.492802230479949	0.308002511889189	0.0551528233670808	0.144042434263781
8	0.652133458224493	0.0456155757634865	0.0647315832725347	0.237519382739485
9	0.182955365293431	0.353980638268001	0.198193181181444	0.264870815257124
10	0.181775046441595	0.32142682536457	0.141566548517532	0.355231579676303
