Pos	A	C	G	T
1	0.202543170807721	0.232980102512077	0.265324353484809	0.299152373195393
2	0.156045100696182	0.134309262854657	0.454930687559291	0.254714948889871
3	0.453331216784735	0.481363653667031	0.0644972780104719	0.000807851537761835
4	0.0238517206781366	0.945634716726666	0.00195786845986905	0.0285556941353287
5	0.934015860263311	0.00461583793871106	0.0529576967111488	0.008410605086829
6	0.0510669977348295	0.708491775850947	0.20298629236014	0.0374549340540842
7	0.067214954961355	0.199915697793253	0.719024740292696	0.0138446069526959
8	0.130063992467632	0.1075576065717	0.0287324337166601	0.733645967244007
9	0.316958707956371	0.2867960989361	0.289678447649006	0.106566745458523
10	0.311531240430801	0.154701835688132	0.260212765063761	0.273554158817307
