Pos	A	C	G	T
1	0.348719439966437	0.187591683030716	0.245738436012252	0.217950440990595
2	0.133096296760025	0.590560981801289	0.0456531634338255	0.230689558004861
3	0.219691907533443	0.0510204302064208	0.545785556203753	0.183502106056383
4	0.169500438472741	0.104884056239292	0.162854231217398	0.562761274070569
5	0.177220738623197	0.129982011329809	0.0925173381628631	0.600279911884132
6	0.291998953245058	0.216318144994887	0.193785178374043	0.297897723386012
7	0.224548943432787	0.248164961962339	0.23606181395067	0.291224280654205
8	0.255386775574325	0.276657191231136	0.217626254595649	0.250329778598889
9	0.273120701734182	0.249613526661824	0.237439731316126	0.239826040287868
