Pos	A	C	G	T
1	0.129763634067335	0.349224365200943	0.385952612296993	0.135059388434729
2	0.124230533936914	0.673264981467105	0.115831782087764	0.0866727025082178
3	0.0225900912138386	4.81955478382682e-05	0.970208859735006	0.00715285350331711
4	0.00010728566750021	0.951214687337381	0.0314292751028998	0.0172487518922194
5	0.0513033692016566	0.895835162819366	0.0372538921464321	0.0156075758325453
6	0.0464374507716127	0.0118000794276874	0.923440401295684	0.0183220685050159
7	0.0812247411211533	0.612298491014955	0.0812247411211533	0.225252026742738
8	0.240107247122851	0.416166610648859	0.165850318632943	0.177875823595347
9	0.332097718427216	0.220396733919183	0.220396733919183	0.227108813734418
