Pos	A	C	G	T
1	0.151374031338571	0.361316318290674	0.0503880378647772	0.436921612505978
2	0.938140884189878	0.0335789752549544	0.0139279851296036	0.0143521554255645
3	0.806745732965711	0.178218182133723	0.000260021370558219	0.0147760635300083
4	0.00472618278874056	0.965955584503328	0.00543640423036973	0.0238818284775623
5	0.0469983969554357	0.298901322394789	0.327050140324888	0.327050140324888
6	0.249187239091321	0.0550479475094593	0.606803234543135	0.088961578856084
7	0.236311486399309	0.328701745953022	0.060651889716226	0.374334877931443
8	0.217918458297361	0.421626962591451	0.0662954288600133	0.294159150251175
9	0.30009678333868	0.220105072323978	0.197177637143393	0.282620507193949
