Pos	A	C	G	T
1	0.309434223954874	0.0201810802946491	0.604707908666214	0.0656767870842637
2	0.00706200695714962	0.661645081757367	0.236211899654809	0.0950810116306747
3	0.207768573160875	0.559153946267885	0.109554794593804	0.123522685977436
4	1.71704462551813e-08	1.90189221231923e-05	0.999923827907787	5.71359996439639e-05
5	0.118261040898216	0.438295960858624	0.273935969737528	0.169507028505632
6	0.223296708034784	0.594964307427107	0.0290349830991618	0.152704001438947
7	0.353632046896251	0.152666676088534	0.33638520845697	0.157316068558245
8	0.297425115128807	0.227048234000462	0.195422226042371	0.280104424828361
9	0.31172749533762	0.245213532903004	0.192891796899881	0.250167174859495
10	0.312073421271103	0.228889300961773	0.193105850122333	0.265931427644791
