Pos	A	C	G	T
1	0.138239152933902	0.346882177916082	0.272867185667294	0.242011483482722
2	0.190987326825542	0.534968075938481	0.166036405436514	0.108008191799463
3	0.608475013694178	0.00214032106982631	0.384120324874576	0.00526434036141946
4	0.000375746234001768	0.993425156166874	0.00505894886001701	0.00114014873910714
5	0.000934470216260153	0.994484462673749	4.42555043404321e-05	0.00453681160565002
6	0.0104384493320388	0.00154572961304403	0.9779866691755	0.0100291518794173
7	0.44118607434269	0.411359169150553	0.0429255287255603	0.104529227781197
8	0.0753457035094758	0.79004262729373	0.031883444795396	0.102728224401398
9	0.367280869611653	0.22726730226223	0.0861531794172421	0.319298648708875
