Pos	A	C	G	T
1	0.231633301968228	0.231633301968228	0.231633301968228	0.305100097623535
2	0.179243618570405	0.232604786399651	0.307824518201639	0.280327080356526
3	0.0145609961678508	0.0145609961678508	0.956317015024668	0.0145609961678508
4	0.000119315905121567	0.000119315905121567	0.941875334761939	0.0578860369560383
5	0.108695350842095	0.129967066615243	0.634133560172693	0.12720402589819
6	0.000119315905121567	0.999642055812855	0.000119315905121567	0.000119315905121567
7	0.0578860369560383	0.941875334761939	0.000119315905121567	0.000119315905121567
8	0.0578860369560383	0.941875334761939	0.000119315905121567	0.000119315905121567
9	0.944541959071375	0.0184860148189482	0.0184860148189482	0.0184860148189482
10	0.0708756982167715	0.672497220492737	0.127984665551024	0.128642419267688
11	0.293325041670242	0.235558320619326	0.235558320619326	0.235558320619326
