Pos	A	C	G	T
1	0.233128238050188	0.233128238050188	0.233128238050188	0.300615289919624
2	0.188837290302822	0.188837290302822	0.188837290302822	0.433488133161722
3	0.125556082139393	0.187632959454205	0.561254880337195	0.125556082139393
4	0.496910497923754	0.335547213687042	0.0837711462296958	0.0837711462296958
5	0.000104804483829271	0.000104804483829271	0.000104804483829271	0.9996855906187
6	0.000104804483829271	0.000104804483829271	0.9996855906187	0.000104804483829271
7	0.9996855906187	0.000104804483829271	0.000104804483829271	0.000104804483829271
8	0.000104804483829271	0.9996855906187	0.000104804483829271	0.000104804483829271
9	0.0169765674511883	0.0169765674511883	0.949070301716623	0.0169765674511883
10	0.0612675151985544	0.0612675151985544	0.0612675151985544	0.816197458474525
11	0.20481589063296	0.484009789398449	0.124548723361983	0.186625600676796
12	0.500999026255147	0.16633365927168	0.16633365927168	0.16633365927168
