Pos	A	C	G	T
1	0.243551683559997	0.227086084581715	0.243551683559997	0.285810548298291
2	0.181539047063401	0.305353696633813	0.30842255230423	0.204684703998556
3	0.174734533945287	0.442866279861556	0.189287660896584	0.193111525296573
4	0.0961844189997391	7.77907601567132e-05	0.903492112012986	0.000245678227118597
5	0.000830710518882287	0.866555450951526	0.0755297109750783	0.0570841275545134
6	0.104619160281603	0.780805993526621	0.0179991891892799	0.0965756570024959
7	0.148019246325707	0.000144762951615189	0.851791950754538	4.40399681392501e-05
8	0.130685692334458	0.442656973943889	0.141570120434154	0.285087213287499
9	0.246774446496845	0.346705163998499	0.194119655021563	0.212400734483093
