Pos	A	C	G	T
1	0.252836257515681	0.279427278836697	0.1910895326899	0.276646930957722
2	0.247369366452244	0.296154900612066	0.249855469916172	0.206620263019519
3	0.229735409565496	0.30094521959172	0.269597000569581	0.199722370273203
4	0.130950616704376	0.130950616704376	0.668355541790282	0.0697432248009673
5	0.0633443729451276	0.670877178379334	0.165436275405168	0.10034217327037
6	0.109388999251538	0.784393124755818	0.028358032684227	0.0778598433084167
7	0.152323190067275	0.00337368127508747	0.817298601773942	0.0270045268836958
8	0.108162511210424	0.568860268012126	0.16794471191626	0.155032508861189
9	0.067400127982124	0.812931553803876	0.0451796568948372	0.0744886613191622
10	0.274886968803715	0.283258523327092	0.283258523327092	0.158595984542101
