Pos	A	C	G	T
1	0.319751737964912	0.226749420512442	0.226749420512442	0.226749420512442
2	0.0496084376297197	0.5700655259267	0.139711372108601	0.240614663837217
3	0.121323936938591	0.0229567947061261	0.832762473151394	0.0229567947061261
4	9.02046223302048e-05	0.501573106565304	0.498246483692274	9.02046223302048e-05
5	9.02046223302048e-05	0.893122813940873	0.106696776316704	9.02046223302048e-05
6	9.02046223302048e-05	0.192587111161266	0.807232479096311	9.02046223302048e-05
7	9.02046223302048e-05	0.320889788512529	0.678929801745048	9.02046223302048e-05
8	9.02046223302048e-05	0.999729385635251	9.02046223302048e-05	9.02046223302048e-05
9	0.215092947303623	0.212192370440117	0.54937389777305	0.0233407839854478
10	0.20048176686817	0.398554698897727	0.20048176686817	0.20048176686817
11	0.227133409791763	0.318599770126947	0.227133409791763	0.227133409791763
