Pos	A	C	G	T
1	0.153120399631273	0.192717336488841	0.0635117252063452	0.590650538673541
2	0.947789724734405	0.00828239906931081	0.00165554898923286	0.0422723272070515
3	0.917606517384071	0.0807831713805858	0.000336811675839648	0.00127349955950343
4	0.0325776710183632	0.94731068764837	0.00168813963702472	0.0184235016962425
5	0.130518511637264	0.293393604678399	0.321023737237798	0.255064146446538
6	0.270804882668978	0.0217888543746718	0.639955454293998	0.0674508086623519
7	0.327282091458211	0.330571331160463	0.0213451055358443	0.320801471845482
8	0.276668177921897	0.421078330430318	0.0593124287281165	0.242941062919668
9	0.319425317617637	0.236636095450179	0.16345267500563	0.280485911926554
