Pos	A	C	G	T
1	0.144382223662982	0.41674066167223	0.200831071420745	0.238046043244042
2	0.139521812358799	0.501809692804611	0.0993074854207489	0.25936100941584
3	0.592362908072948	0.00879443792932372	0.393121792141308	0.0057208618564202
4	0.00511890948620136	0.985295330844444	0.000534160686504742	0.00905159898285018
5	0.00706987842384207	0.98815867083493	0.000610085165560265	0.00416136557566767
6	0.00210899555494217	0.00646376389006821	0.988522884221575	0.00290435633341503
7	0.898754236917962	0.0381303145708419	0.0222203741806549	0.0408950743305414
8	0.00442356091451818	0.989247949611527	0.00064852482768634	0.00567996464626802
9	0.70494771487826	0.0411870397316687	0.184587505758241	0.0692777396318298
10	0.227963267708839	0.284059723310093	0.295652420533256	0.192324588447812
