Pos	A	C	G	T
1	0.385352466115354	0.143187994260267	0.180216410990754	0.291243128633624
2	0.571200781454934	0.0934793708586103	0.105397696328568	0.229922151357887
3	0.673942056713326	0.0903006030132384	0.12435546753909	0.111401872734345
4	0.748473968165849	0.0706710791590069	0.0854589740362908	0.0953959786388534
5	0.178694719975495	0.0368066625054674	0.0670661117240452	0.717432505794993
6	0.864813377525743	0.0385715028489553	0.0349009390482047	0.061714180577097
7	0.0742454410685127	0.0671800531985086	0.0482973346603187	0.81027717107266
8	0.058777404754255	0.865889677891018	0.0374781279534285	0.0378547894012984
9	0.161708136965707	0.150775667537112	0.111697361752601	0.57581883374458
10	0.320689561171341	0.169097176093614	0.217125071985156	0.293088190749889
