Pos	A	C	G	T
1	0.233043178152171	0.233043178152171	0.300870466045231	0.233043178152171
2	0.153669225408304	0.153669225408304	0.41965376260467	0.273007787080468
3	0.749634639625401	0.137769698748644	8.17030043501948e-05	0.112513959123352
4	0.056548795073579	0.831095037244396	0.0563093011296458	0.0560468670541232
5	0.999754891488696	8.17030043501948e-05	8.17030043501948e-05	8.17030043501948e-05
6	0.112776393198874	0.887060201294167	8.17030043501948e-05	8.17030043501948e-05
7	0.0563093011296458	8.17030043501948e-05	0.887562129313625	0.0560468670541232
8	8.17030043501948e-05	8.17030043501948e-05	8.17030043501948e-05	0.999754891488696
9	0.185698379221913	0.0170385249776152	0.780224571324604	0.0170385249776152
10	0.152377641771256	0.152879569790711	0.220818365775706	0.473924423164074
