Pos	A	C	G	T
1	0.226355437911269	0.226355437911269	0.320933682150169	0.226355437911269
2	0.186077088169283	0.260466327158553	0.186077088169283	0.367379492386856
3	0.086039401664717	0.16317088897698	0.664750303577561	0.086039401664717
4	0.839964400583443	0.159736119023151	0.000149738138691747	0.000149738138691747
5	0.000149738138691747	0.922419294155638	0.000149738138691747	0.0772812254509552
6	0.917249554761668	0.000149738138691747	0.0824509648449256	0.000149738138691747
7	0.0772812254509552	0.000149738138691747	0.922419294155638	0.000149738138691747
8	0.0772812254509552	0.840118067449404	0.0824509648449256	0.000149738138691747
9	0.0237942991984166	0.0237942991984166	0.10609552590465	0.846315871582492
10	0.31709702137721	0.0640726489404026	0.477626189313698	0.141204136252666
11	0.246411562151203	0.164110335444969	0.281119488002106	0.3083586102857
