Pos	A	C	G	T
1	0.373895993881627	0.117211227192218	0.250629979848203	0.258262799077951
2	0.132713545888656	0.167033270166751	0.272651116142815	0.427602067801778
3	0.0457294908329426	0.0475957467569372	0.540634474699805	0.366040287710315
4	0.268831072374867	0.71628862869525	0.0146447688863346	0.000235530043548003
5	0.0167512926059025	0.94244298593396	0.00161361245467215	0.0391921090054652
6	0.960392398855078	0.000776733441160241	0.0376127071832046	0.00121816052055675
7	0.0529310834443639	0.78760032119988	0.100382787662282	0.0590858076934745
8	0.0885209193791314	0.0642793803715077	0.831506321282656	0.0156933789667053
9	0.0505010251271761	0.0490084942745373	0.0274397758948309	0.873050704703456
10	0.277510781189056	0.218297712238503	0.4529853493099	0.0512061572625412
