Pos	A	C	G	T
1	0.217604378126332	0.253155024233911	0.282337675913849	0.246902921489334
2	0.295478474394804	0.243191982913788	0.282870857328563	0.178458685126271
3	1.40212427407978e-05	1.40212427407978e-05	1.40212427407978e-05	0.999957936035204
4	1.40212427407978e-05	1.40212427407978e-05	0.999957936035204	1.40212427407978e-05
5	0.999957936035204	1.40212427407978e-05	1.40212427407978e-05	1.40212427407978e-05
6	1.40212427407978e-05	0.999957936035204	1.40212427407978e-05	1.40212427407978e-05
7	1.40212427407978e-05	1.40212427407978e-05	0.999957936035204	1.40212427407978e-05
8	1.40212427407978e-05	1.40212427407978e-05	1.40212427407978e-05	0.999957936035204
9	0.265769445458579	0.669411268190317	0.0324096430572652	0.0324096430572652
10	0.711390131343154	0.0715553360573263	0.109811780798088	0.107242751564858
