Pos	A	C	G	T
1	0.225671024800915	0.188496284600588	0.379584903417689	0.206247787180808
2	0.353200624789319	0.297982940343163	0.272335901862572	0.0764805330049465
3	0.0625074874477269	0.0256690593143621	0.000145917534324518	0.911677535703587
4	0.086493184426592	0.0519387748500357	0.665185279562329	0.196382761161043
5	0.824168073577974	0.0112951618890423	0.0793901640641136	0.0851466004688698
6	0.0693015970590089	0.733969849735574	0.0210830194633699	0.175645533742047
7	0.165057674037764	0.055495112434581	0.69665823420496	0.0827889793226949
8	0.157633660761341	0.188721755670193	0.0694268540245686	0.584217729543897
9	0.302912802545895	0.305957126822898	0.209232271921098	0.181897798710109
10	0.346606646194324	0.16703285884665	0.234672412568076	0.251688082390951
