Pos	A	C	G	T
1	0.396993359456438	0.33159672729213	0.0599745049282538	0.211435408323178
2	0.032202566316366	0.483981241233218	0.255199641908809	0.228616550541608
3	0.940423239695737	0.00789579255586399	0.0249364360614681	0.0267445316869311
4	0.00203320716077167	0.92483415308283	0.0540340513264942	0.0190985884299047
5	0.00152913210481174	0.104032184955018	0.884215067102379	0.0102236158377912
6	0.000849253199642562	0.0170577064899142	0.00302406543138727	0.979068974879056
7	0.01148972140246	5.56570149448485e-05	0.983829730389997	0.00462489119259861
8	4.46354588635475e-07	0.0350089281184348	0.642651841201504	0.322338784325473
9	0.281051808933522	0.644541380322052	0.0159353358875782	0.0584714748568477
10	0.423767306983665	0.230254334558654	0.188516304739043	0.157462053718639
