Pos	A	C	G	T
1	0.22551922456512	0.22551922456512	0.22551922456512	0.32344232438174
2	0.20572007420572	0.20572007420572	0.382839775459936	0.20572007420572
3	0.400670826744558	0.317856191280323	0.140736490026109	0.140736490026109
4	0.159571224203144	0.675220966428034	0.08260390372296	0.08260390372296
5	0.818523386835017	0.0604922037473602	0.0604922037473602	0.0604922037473602
6	0.118712121027008	0.799116747741801	0.0410855646541442	0.0410855646541442
7	0.10891189643211	0.0204650965297112	0.767676036087833	0.102946969027443
8	0.165561853647573	0.000147733264989955	0.000147733264989955	0.834142677899545
9	0.267669184974593	0.0246285082191451	0.683073796664215	0.0246285082191451
10	0.0444276585785436	0.0444276585785436	0.0444276585785436	0.866717022341467
11	0.515325954446372	0.188884237634229	0.109411242758156	0.186378563238339
12	0.255990628963703	0.167543829061305	0.167543829061305	0.408921710990786
13	0.189655529036904	0.189655529036904	0.353406854593521	0.267282085409768
14	0.20906216813012	0.20906216813012	0.20906216813012	0.372813493686737
15	0.229682636254553	0.229682636254553	0.229682636254553	0.310952089313438
