Pos	A	C	G	T
1	0.227378609485333	0.227378609485333	0.227378609485333	0.317864177783308
2	0.301389654165219	0.202708261258704	0.293193829556681	0.202708261258704
3	0.202708261258704	0.202708261258704	0.202708261258704	0.391875222463195
4	0.202708261258704	0.202708261258704	0.202708261258704	0.391875222463195
5	0.347050185044544	0.0632477392745574	0.161972063112437	0.427730018807771
6	0.725391852724646	0.100068758191685	0.0900408450224464	0.0844985503005312
7	0.279049138815652	0.62196216603302	0.00015365424206173	0.0988350471485758
8	0.815016368167242	0.0947891388075587	0.00015365424206173	0.0900408450224464
9	0.11266223709694	0.0227750463165556	0.657527676501165	0.207035046324649
10	0.147360498492808	0.663113234094636	0.0474453945431841	0.142080879108681
11	0.131790290601654	0.0474453945431841	0.0474453945431841	0.773318926551287
12	0.321592585331662	0.0474453945431841	0.488881147255781	0.142080879108681
13	0.186905916527331	0.186905916527331	0.307607779115952	0.318580394068694
