Pos	A	C	G	T
1	0.452847641048864	0.211246471924288	0.133773966107345	0.202131921774346
2	0.0865644497440836	0.671948695955591	0.154922405411085	0.0865644497440836
3	0.999941939676107	1.93537262450066e-05	1.93537262450066e-05	1.93537262450066e-05
4	1.93537262450066e-05	0.999941939676107	1.93537262450066e-05	1.93537262450066e-05
5	1.93537262450066e-05	1.93537262450066e-05	0.999941939676107	1.93537262450066e-05
6	1.93537262450066e-05	1.93537262450066e-05	1.93537262450066e-05	0.999941939676107
7	1.93537262450066e-05	1.93537262450066e-05	0.999941939676107	1.93537262450066e-05
8	1.93537262450066e-05	1.93537262450066e-05	0.570316033150742	0.42964526025161
9	0.11624538783261	0.651263837357011	0.11624538783261	0.11624538783261
10	0.381586239792093	0.222178613837715	0.232780243029161	0.163454904195872
