Pos	A	C	G	T
1	0.168379399595956	0.360041666131355	0.313005187545401	0.158573746727288
2	0.208223627071746	0.607050893666132	0.0863676023305534	0.0983578769315687
3	0.0265954867782179	1.1570940337709e-05	0.973347859661216	4.50826202288998e-05
4	0.0158461851228636	0.937230063774228	0.0218222214903236	0.0251015296125849
5	0.10478406608544	0.864284259549013	0.0101950439968734	0.0207366303686732
6	0.0452476500272098	0.0243407216489166	0.908823344848568	0.0215882834753053
7	0.135225844724622	0.453477794819334	0.104266102021124	0.30703025843492
8	0.217681561882545	0.603673367520262	0.0452876002496223	0.133357470347571
9	0.485313897000682	0.140442182567904	0.158348118671039	0.215895801760375
10	0.271831927842837	0.191556721967446	0.173327689715383	0.363283660474333
