Pos	A	C	G	T
1	0.237544545829782	0.217099368328228	0.214939193520774	0.330416892321217
2	0.233514847727936	0.189283456775104	0.305896149228036	0.271305546268924
3	0.212486414034002	0.407026401648205	0.107649228008818	0.272837956308975
4	0.420575954439264	0.157846823637199	0.31786446842745	0.103712753496086
5	0.0248150999672961	0.890205501762553	0.00582088514983037	0.0791585131203208
6	0.0299338728323341	0.104479482207841	0.054000359812143	0.811586285147682
7	0.0520892263358299	0.000232924279274123	0.0197461421750765	0.92793170720982
8	0.039096440367117	0.012013504882196	0.0181021628167797	0.930787891933907
9	0.338283498871053	0.0732504431889634	0.0251255259230496	0.563340532016934
10	0.176468152752153	0.226589593360133	0.162900636424367	0.434041617463347
