Pos	A	C	G	T
1	0.199845366589013	0.367801687533558	0.180827565513906	0.251525380363523
2	0.173742556727334	0.39448244676725	0.241670358952064	0.190104637553353
3	0.128215763534176	0.222230359063142	0.0393979780954134	0.610155899307268
4	0.138618358847786	0.0967107473327987	0.0849212653557077	0.679749628463708
5	0.972952968843946	0.00345677386703732	0.00746582354402199	0.0161244337449949
6	0.0151146078189509	0.0458631371054396	0.0360772214445162	0.902945033631093
7	0.0147769496525634	0.956296976860549	0.0110570530654975	0.0178690204213904
8	0.116731462732674	0.436975052895015	0.138362369074789	0.307931115297522
9	0.26143780362835	0.211917364929703	0.231874530973129	0.294770300468818
10	0.22081312706985	0.227537887944428	0.256548252267165	0.295100732718557
