Pos	A	C	G	T
1	0.210737991889274	0.276059277781273	0.176023167043091	0.337179563286363
2	0.287013935912479	0.270299545489534	0.143959321758933	0.298727196839054
3	0.461375230542462	0.173159244786367	0.238462403633865	0.127003121037306
4	0.0265357880072623	0.93308314453916	0.0135785903431777	0.0268024771104001
5	0.0359814936789545	0.0526151837081836	0.0717368628486603	0.839666459764202
6	0.0301929969713241	0.00647280794777723	0.0217064621073329	0.941627732973566
7	0.0226731298080546	0.00801392388672354	0.0243171172134899	0.944995829091732
8	0.366213039758505	0.0912146244593499	0.0531551629994832	0.489417172782662
9	0.199853803579661	0.244101986912755	0.149543320067987	0.406500889439597
