Pos	A	C	G	T
1	0.388551136400376	0.179904253883946	0.202841479835775	0.228703129879903
2	0.0810124132695519	0.00871113762366767	0.816153453286544	0.0941229958202363
3	0.942664451083723	0.0108994288498213	0.0284659998847896	0.0179701201816657
4	0.0131399392706124	0.0113096505402434	0.00713959742300887	0.968410812766135
5	0.350195058706237	0.239484886361419	0.0805187688030132	0.32980128612933
6	0.110938187547244	0.468236344011966	0.0773989471136455	0.343426521327144
7	0.203757372577564	0.157107445251997	0.427062313472009	0.212072868698429
8	0.228436005027736	0.270766304967846	0.265404772906551	0.235392917097867
9	0.239389225616591	0.249158885245637	0.188310234516789	0.323141654620983
