Pos	A	C	G	T
1	0.314570324799039	0.226152072344022	0.0901259070238175	0.369151695833122
2	0.332942438060989	0.044610516031935	0.0337159027164807	0.588731143190595
3	0.906770537250133	0.0126782690308096	0.0666789577838601	0.0138722359351972
4	0.916283094583924	0.0101789857335181	0.0189220020156095	0.0546159176669484
5	0.868727987186334	0.0555359222170214	0.06920202038377	0.00653407021287473
6	0.00860037059781156	0.881658942148703	0.00704138789653381	0.102699299356952
7	0.0112487981225332	0.972880529212613	0.00495432676899733	0.0109163458958565
8	0.0564903299732061	0.667853923461621	0.0274967955577246	0.248158951007448
9	0.144725301157076	0.348918186018885	0.100971416406931	0.405385096417108
