Pos	A	C	G	T
1	0.192424621861745	0.368597219643273	0.244619637032747	0.194358521462235
2	0.165683229095289	0.235115693741371	0.0653709327961611	0.533830144367178
3	0.173914442807247	0.126287805184515	0.116578337316691	0.583219414691546
4	0.925752247089771	0.00553231662849509	0.026591899722698	0.0421235365590356
5	0.029061799703105	0.0873064712465864	0.0469660305780379	0.836665698472271
6	0.043908148502732	0.890782168199	0.0263666490519938	0.038943034246274
7	0.145012831494777	0.390263530986473	0.166804460562597	0.297919176956153
8	0.264297607335605	0.212103798151209	0.234410949326145	0.289187645187041
9	0.243470838969452	0.229292201105755	0.238649793347546	0.288587166577246
10	0.352465370184063	0.176788194879434	0.182172196962048	0.288574237974454
