Pos	A	C	G	T
1	0.17588527190822	0.320483860623291	0.0666751232435322	0.436955744224957
2	0.926783866556577	0.0294213436459062	0.0359353102766743	0.00785947952084219
3	0.748924396348691	0.249295275466828	0.000885713308869938	0.000894614875611241
4	0.00129341780325643	0.960340753951672	0.0126453324935642	0.0257204957515074
5	0.090300675959226	0.274004614068731	0.358936303750555	0.276758406221488
6	0.285930463864624	0.0712182174072727	0.553216069595632	0.0896352491324716
7	0.260788808199489	0.315358761378628	0.0682864198567142	0.355566010565169
8	0.24600091572896	0.389683650860795	0.0869501754458193	0.277365257964425
9	0.294736102991733	0.222756754671705	0.207697021400658	0.274810120935904
