Pos	A	C	G	T
1	0.235087110989529	0.267723874542783	0.198334724382848	0.29885429008484
2	0.269487859818832	0.256344781807561	0.188015299970578	0.286152058403029
3	0.375820976610644	0.212536322690681	0.264836566099629	0.146806134599045
4	0.0554801627385495	0.876577857604446	0.000178355867253638	0.0677636237897507
5	0.0378056265396775	0.0682009123076407	0.30261396231605	0.591379498836632
6	0.0647313824319996	0.00303510533220851	0.0519481512217078	0.880285361014084
7	0.0527541596921486	0.0120088349679526	0.0232346018385041	0.912002403501395
8	0.363035921022266	0.134895686278147	0.0886327816821123	0.413435611017476
9	0.208541973173294	0.237493518159055	0.192508504346591	0.36145600432106
10	0.242184862579494	0.275806995511045	0.2373892809962	0.244618860913261
