Pos	A	C	G	T
1	0.105232579385064	0.253705194707273	0.119841848251541	0.521220377656122
2	0.145542653438137	0.0603686055759051	0.0362510807505147	0.757837660235443
3	0.803827688109792	0.0237928455545056	0.107703806628479	0.0646756597072231
4	0.980297705495669	0.0139831957816814	9.05236902530182e-05	0.00562857503239668
5	0.00674159843008513	0.961310109753816	0.00143089060751366	0.0305174012085851
6	0.0353424178676175	0.642318239719119	0.015880372012	0.306458970401264
7	0.332032091215321	0.352563809074737	0.180409925341052	0.13499417436889
8	0.234118065422426	0.231788551749541	0.297622391731088	0.236470991096944
9	0.420353555807458	0.141329798676756	0.278967742476626	0.15934890303916
10	0.181155313541258	0.295702756600029	0.357578439433253	0.16556349042546
