Pos	A	C	G	T
1	0.20346975121551	0.246045714784882	0.144823730503407	0.4056608034962
2	0.389695540103505	0.175101493379465	0.282977041213364	0.152225925303666
3	0.0765365250307122	0.472372598590341	0.0757749738825236	0.375315902496423
4	0.911021156264413	0.00228089092022	0.0329359946052701	0.0537619582100965
5	0.246018525020947	0.662093535262201	0.0543479469538348	0.0375399927630172
6	0.0862804212703795	0.0497794726961175	0.718814051841801	0.145126054191702
7	0.168157557628985	0.359567306728734	0.123334648815546	0.348940486826734
8	0.45813313156055	0.225238495823371	0.052308549208651	0.264319823407428
9	0.73419058656367	0.0169246078771261	0.0899063569194326	0.158978448639771
