Pos	A	C	G	T
1	0.158361215049837	0.413591426805609	0.182158756422716	0.245888601721838
2	0.146962065425384	0.468799182735361	0.228189059816373	0.156049692022882
3	0.0931766405043948	0.185767715487372	0.0256488068029046	0.695406837205328
4	0.10910661435362	0.0642206954390686	0.0824610052176453	0.744211684989666
5	0.981233898500506	0.00465904672003092	0.0087478754098862	0.00535917936957657
6	0.0090233008134836	0.0388539681053651	0.0271074937226801	0.925015237358471
7	0.0119421524403412	0.963020175603902	0.00593029739821119	0.0191073745575459
8	0.103785664450364	0.493897424797027	0.102752979834803	0.299563930917806
9	0.310894807584824	0.172337474543724	0.232631257876465	0.284136459994987
