Pos	A	C	G	T
1	0.190483228838956	0.35057131526041	0.281340070533361	0.177605385367273
2	0.303260358160906	0.238553046896059	0.109354150726734	0.348832444216301
3	0.343326748526054	0.0614781983513955	0.0567515298453398	0.538443523277211
4	0.845274883090453	0.0187212993906216	0.119064085315751	0.0169397322031743
5	0.851985537928202	0.0242294673867268	0.0284335433758972	0.0953514513091743
6	0.745830339014276	0.124523959982291	0.0989384705265539	0.0307072304768791
7	0.0435581561014914	0.775956891614769	0.00734556674559982	0.173139385538139
8	0.0259421937280906	0.930638345804442	0.0172165433579242	0.0262029171095436
9	0.0909602230122487	0.518231628151336	0.0701350242017198	0.320673124634696
10	0.190933616766839	0.334262232224168	0.109063012500968	0.365741138508025
