Pos	A	C	G	T
1	0.384151788593723	0.148567255906448	0.196573765417692	0.270707190082138
2	0.55832984963747	0.0690582199674226	0.063114460828507	0.309497469566601
3	0.269366062083085	0.349348950226894	0.0981082322798344	0.283176755410186
4	0.960051409833622	0.00508851905226049	0.0200251069865951	0.014834964127522
5	0.0275361078788382	0.0126227173812712	0.0107563702166168	0.949084804523274
6	0.070528830719573	0.0289630700742421	0.032655770320119	0.867852328886066
7	0.0415676423600429	0.904445488660592	0.0148399376595655	0.0391469313197993
8	0.0322517851963163	0.417203201219321	0.137493053576856	0.413051960007507
9	0.24388024072384	0.286196113701793	0.197685481041172	0.272238164533196
10	0.180086316040251	0.27408444968681	0.164586500272297	0.381242734000641
