Pos	A	C	G	T
1	0.223100222388223	0.275233849522061	0.188221808209176	0.313444119880539
2	0.279318036932144	0.247732875303856	0.161152488458818	0.311796599305181
3	0.430777388555964	0.18972799799175	0.231734300039504	0.147760313412783
4	0.0393207476934478	0.908461319013102	0.0166390494746667	0.0355788838187835
5	0.0342048709955166	0.0466357801384972	0.0800273187337077	0.839132030132278
6	0.0311085369022689	0.00479456162260291	0.0225894341175746	0.941507467357554
7	0.0249256056329536	0.0101339950025585	0.0249256056329536	0.940014793731534
8	0.349687513407755	0.118752314948837	0.0734819602348287	0.458078211408579
9	0.207726651147405	0.251193369314628	0.170072197534026	0.37100778200394
10	0.245562649534822	0.240700183288537	0.255584251373346	0.258152915803294
