Pos	A	C	G	T
1	0.223427990333083	0.270180207406979	0.182927366790283	0.323464435469655
2	0.282480851738515	0.240714303317365	0.164615222694747	0.312189622249373
3	0.392654481829853	0.20912455767344	0.247876352733438	0.150344607763268
4	0.0822050001199696	0.819927669576176	0.0513783115432386	0.0464890187606162
5	0.0684280232614089	0.0677471530538565	0.146318014936695	0.71750680874804
6	0.10162105602798	0.0169666687613041	0.0598146586073852	0.821597616603331
7	0.0750719289275156	0.0361778374580424	0.0529022941905568	0.835847939423885
8	0.351983422591517	0.113702351228085	0.0732284553591156	0.461085770821282
9	0.214877491412472	0.235113425247041	0.184946770817607	0.36506231252288
10	0.237512720070584	0.249690257629746	0.242310795288591	0.270486227011079
