Pos	A	C	G	T
1	5.83303069658728e-13	4.08787857672325e-07	0.999930499066023	6.9092145535664e-05
2	3.72442819967359e-10	7.72585860549996e-06	0.999062842405363	0.000929431363588305
3	0.0840871309389297	0.308540629276142	0.518973869452392	0.0883983703325365
4	0.000279816189666939	0.998623311287106	0.000986470007354634	0.000110402515872474
5	8.82946805874704e-07	0.999999116991687	4.62289086298984e-12	5.6884348722351e-11
6	0.0414870346732297	0.958510924945226	1.18370198385983e-12	2.04038036022906e-06
7	0.0377295262452084	0.953789480635554	0.000786976397175211	0.00769401672206209
8	0.153284380070942	0.839070632240969	0.0041466255792105	0.00349836210887893
9	0.143210945810389	0.648277398317446	0.0132542557458811	0.195257400126284
10	0.385523691409522	0.405289913743598	0.119653808911793	0.0895325859350872
