Pos	A	C	G	T
1	0.0959363738883688	0.137508426612098	0.48964723314215	0.276907966357383
2	0.0176034366666988	0.00447315577009002	0.92342921443181	0.054494193131401
3	0.057931977164718	0.0200708700962176	0.915316140458132	0.00668101228093239
4	0.134741769474563	0.207132798845938	0.568704022657704	0.0894214090217951
5	0.0530944804379909	0.88189497752551	0.0113824531989498	0.0536280888375493
6	0.00818948817846686	0.975403665908621	0.00406677947548086	0.0123400664374309
7	8.26645836580477e-05	0.989337946909624	1.97823724277133e-05	0.01055960613429
8	0.886086306573723	0.0343572946267891	0.0734653860916373	0.00609101270785104
9	0.00134873877925194	0.870588932982636	0.0627507115593465	0.0653116166787655
