Pos	A	C	G	T
1	0.135782443203629	0.302189384679556	0.177870173622351	0.384157998494464
2	0.169714930499695	0.211477825721067	0.421626626027437	0.197180617751801
3	0.022205560034905	0.0153381426480961	0.862937881633039	0.0995184156839604
4	0.0414330467126705	0.00844925939916227	0.91972875188807	0.0303889420000978
5	0.155903081264716	0.167207330137172	0.482622386814492	0.194267201783619
6	0.0722446111263275	0.727822891239021	0.0529875901369863	0.146944907497665
7	0.000481446769426005	0.991322978859918	0.00661301974283844	0.00158255462781751
8	0.0143143254559788	0.908014924605636	9.45393448799822e-05	0.0775762105935057
9	0.828200809391927	0.0469580969078417	0.105557481063826	0.0192836126364056
10	0.00606300101658898	0.806097653966397	0.0776494832204085	0.110189861796605
