Pos	A	C	G	T
1	0.172878405553018	0.240468352210483	0.373376946273	0.213276295963499
2	0.0419750832250425	0.0152881219822623	0.80197399743681	0.140762797355885
3	0.143558042700856	0.0298665591804352	0.725411755238105	0.101163642880603
4	0.150199506735119	0.255178794708024	0.433531498764999	0.161090199791858
5	0.160949390996034	0.652681964876479	0.0635031794095081	0.122865464717979
6	0.032816311695822	0.963840379050198	0.00288904413992159	0.000454265114058182
7	0.0202005887810404	0.902990245395126	0.00042986320544006	0.0763793026183941
8	0.864311769379135	0.00143610350825386	0.113514836705099	0.0207372904075116
9	0.032355235134361	0.725438163163098	0.0972004980693891	0.145006103633152
