Pos	A	C	G	T
1	0.229608714757306	0.229608714757306	0.229608714757306	0.311173853642214
2	0.180208906580217	0.109177945596872	0.601435200140171	0.109177945596872
3	0.162727003717656	0.0916960427343116	0.653880908727854	0.0916960427343116
4	0.126201046340356	0.190758333186452	0.62929323273927	0.0537473856480546
5	0.0362366813200229	0.739495325609037	0.0362366813200229	0.188031309665052
6	0.241771743220044	0.579704455001843	0.0885505499916451	0.0899732497006015
7	0.0696180087168033	0.705822936774654	0.000153449105466138	0.224405603317211
8	0.928508689614389	0.000153449105466138	0.000153449105466138	0.0711844100888108
9	0.0205447338266928	0.724838357446283	0.0205447338266928	0.234072172814465
10	0.577073488952752	0.140975502987127	0.140975502987127	0.140975502987127
11	0.297964782773151	0.158457405849689	0.158457405849689	0.385120403441606
12	0.266448880248071	0.196406062935944	0.196406062935944	0.340738991794172
13	0.213916767263977	0.288785136510867	0.283381326875314	0.213916767263977
14	0.302098419187037	0.232633859575699	0.232633859575699	0.232633859575699
