Pos	A	C	G	T
1	0.100315747878142	0.115390576394267	0.712174303737002	0.0721193719905891
2	0.00637459254067236	0.00860479988529894	0.955581612058697	0.0294389955153318
3	0.0496798086905117	0.0343155494041766	0.893904178277902	0.0221004636274097
4	0.116064283123683	0.401073299456241	0.401073299456241	0.0817891179638345
5	0.0236767381415788	0.929357096036347	0.00206368465711272	0.0449024811649614
6	0.0081658142059405	0.982358624429537	0.00490353532849199	0.00457202603603046
7	0.0210171392670828	0.930142927464786	0.00206542963573166	0.0467745036323998
8	0.553872377766614	0.313228919450171	0.0727431174086706	0.0601555853745447
9	5.69988406490884e-06	0.88243978496373	0.0366968365824107	0.0808576785697947
