Pos	A	C	G	T
1	0.264273535458136	0.248883442861913	0.261643969845074	0.225199051834877
2	0.300623221738071	0.211845603864208	0.319212723578459	0.168318450819261
3	0.228195007992415	0.134316715772149	0.478282021421859	0.159206254813577
4	0.205088999128504	0.479835831106779	0.193145545609473	0.121929624155244
5	0.108344616055238	0.695977293921795	0.0565608492526394	0.139117240770327
6	0.309545021518907	0.00354345963395334	0.675263879277592	0.011647639569548
7	0.179837379427816	0.358544576781189	0.35144491848344	0.110173125307554
8	0.136656126761227	0.670127334974701	0.104320484949775	0.0888960533142961
9	0.395259547679787	0.198252730209156	0.281334015843198	0.125153706267859
