Pos	A	C	G	T
1	0.188091672299649	0.313227405696275	0.300945583448094	0.197735338555982
2	0.224790885664638	0.480665005339425	0.156831279254293	0.137712829741644
3	0.0546632045354002	5.56424325544905e-05	0.945005554259505	0.000275598772540144
4	0.0218700119423741	0.884583028838797	0.0477088244921192	0.0458381347267095
5	0.0925585145291671	0.771117709922561	0.0620438277243727	0.0742799478238994
6	0.173466936315345	0.0971238543055792	0.617690184529983	0.111719024849093
7	0.195604070526282	0.422459070570696	0.140624408665073	0.241312450237948
8	0.219415300035718	0.464502193761859	0.125332008139362	0.190750498063061
9	0.342200049292762	0.236369322007075	0.213875807031404	0.20755482166876
