Pos	A	C	G	T
1	0.178677813280563	0.349178851042988	0.274673812736755	0.197469522939694
2	0.25595772341127	0.443639496507847	0.173297936227914	0.127104843852969
3	0.0748954457989047	0.0286769333929842	0.885447427018575	0.0109801937895359
4	0.0365865902330995	0.764851567572958	0.14398106328541	0.0545807789085318
5	0.103239880738101	0.801957183522846	0.0419742031897293	0.0528287325493234
6	0.112874045329131	0.0827871249877073	0.747154920315814	0.0571839093673481
7	0.181955182741574	0.413129212795714	0.119553074177698	0.285362530285015
8	0.276531740359245	0.455923762315515	0.0929745321593201	0.17456996516592
9	0.387095568805307	0.208235908078164	0.192225970654215	0.212442552462314
10	0.286170086434081	0.212000014255169	0.191825545525473	0.310004353785277
