Pos	A	C	G	T
1	0.151886610006681	0.321543955866662	0.205025478259994	0.321543955866662
2	0.139960910816204	0.2790422419086	0.240173883376346	0.34082296389885
3	0.460825067083715	0.0187842453929616	0.504222937682066	0.0161677498412572
4	0.00307930508159475	0.948331332171931	0.000420926918346614	0.0481684358281272
5	0.00618106345656055	0.993754641010818	2.72326277399138e-07	6.40232063444782e-05
6	0.000662536947221749	0.00392874896785571	0.990610129259627	0.00479858482529581
7	0.973202851546237	0.00256149876428975	0.0137438649858572	0.010491784703616
8	0.000615581098066602	0.997060466300606	0.000474644781875794	0.00184930781945179
9	0.565245559301425	0.136627774704723	0.158738827155691	0.139387838838161
10	0.165672565590387	0.126471039351645	0.11792081548995	0.589935579568018
