Pos	A	C	G	T
1	0.31448437490545	0.228505210502671	0.228505210502671	0.228505210502671
2	0.119485169396527	0.226189904356419	0.119485169396527	0.534839763263989
3	0.179574892000879	0.000196737769073574	0.820031638874435	0.000196737769073574
4	0.000196737769073574	0.999409793106242	0.000196737769073574	0.000196737769073574
5	0.000196737769073574	0.999409793106242	0.000196737769073574	0.000196737769073574
6	0.000196737769073574	0.000196737769073574	0.999409793106242	0.000196737769073574
7	0.884146861402456	0.000196737769073574	0.115459669472859	0.000196737769073574
8	0.000196737769073574	0.999409793106242	0.000196737769073574	0.000196737769073574
9	0.845250085973232	0.0216915288697687	0.0216915288697687	0.111366862700692
10	0.130711569975912	0.218526085025094	0.220584998359256	0.430177353053198
