Pos	A	C	G	T
1	0.248762196328252	0.390136783761248	0.266799490745664	0.0943015291648353
2	0.136991844879943	0.720482695175897	0.132943123996984	0.00958233594717607
3	0.384131224978392	0.0006777235801929	0.614607729350117	0.000583322091298152
4	0.00102898293314316	0.795181881083222	0.186526042978333	0.0172630930053022
5	0.00111886456325489	0.955576083238579	0.000685445963024284	0.042619606235142
6	0.20186456944989	0.00918523243981049	0.711657690524977	0.0772925075853224
7	0.164165981479541	0.679174437410075	0.0791130623517255	0.0775465187586578
8	0.348469556281065	0.351971733544841	0.155019492965966	0.144539217208129
9	0.253096231294722	0.163003191004795	0.425714859034923	0.15818571866556
10	0.184069846927327	0.238725722517531	0.171625587708102	0.40557884284704
