Pos	A	C	G	T
1	0.188766178084544	0.23996884348967	0.391705035479709	0.179559942946076
2	0.100216874578151	0.435866752534571	0.346310781116173	0.117605591771105
3	0.222731161177737	0.60544606795878	0.117444453900025	0.0543783169634581
4	0.0145354246830642	0.000604465158234304	0.912865680420584	0.0719944297381174
5	0.00019110113885285	0.997295913923854	0.00200380431512119	0.00050918062217203
6	0.0424045805486231	0.95075498277637	0.0036592433410561	0.00318119333395058
7	0.0360940064606281	0.0275534244017617	0.903365131031359	0.0329874381062506
8	0.170746325015835	0.518105544533724	0.100502135467632	0.210645994982809
9	0.235827226389515	0.660567586616616	0.0367118446559763	0.0668933423378924
10	0.477760362483492	0.132835201477163	0.239633164597966	0.149771271441378
