Pos	A	C	G	T
1	0.19223305860498	0.631885674251224	0.0545276811112713	0.121353586032525
2	0.580228223385863	0.0732165519608652	0.124389965640829	0.222165259012442
3	0.0375054240499013	0.661483846240126	0.0786089502425357	0.222401779467437
4	0.182665275356084	0.00105934986225131	0.733373690271427	0.0829016845102371
5	0.00895435402679286	0.116996017645274	0.000871220565083781	0.873178407762849
6	0.0898539705240864	0.00274062447064674	0.726461728606805	0.180943676398462
7	0.171804918418597	0.342530134498804	0.253752564782129	0.23191238230047
8	0.229870322961746	0.246537802001108	0.264413809631495	0.259178065405651
9	0.250555877904536	0.213509635151096	0.235964639493948	0.29996984745042
10	0.302525722172246	0.226368976167972	0.202789056027163	0.268316245632619
