Pos	A	C	G	T
1	0.206451112294793	0.257253927024866	0.343801219461693	0.192493741218649
2	0.020161890658884	0.928707858748224	0.0374795039185152	0.0136507466743768
3	0.934708385626611	0.00325513775095615	0.0400542423458648	0.021982234276568
4	0.00595936007018132	0.832941243532292	0.00113310664611965	0.159966289751407
5	0.188158574843726	0.0403376425284189	0.755428464005322	0.0160753186225329
6	0.0715532233498876	0.137063120759215	0.105682736621219	0.685700919269679
7	0.145179817722582	0.127481734606878	0.527407289874344	0.199931157796196
8	0.222708100025507	0.256175292246558	0.300624490322717	0.220492117405218
9	0.210410193781105	0.286878542455558	0.270172036733725	0.232539227029612
