Pos	A	C	G	T
1	0.205505949632268	0.185949472859429	0.283007948959529	0.325536628548774
2	0.12021985424031	0.142497176451976	0.407207215536629	0.330075753771084
3	0.397502741461905	0.54196522061718	0.0594539361967456	0.00107810172416921
4	0.0391917676628902	0.887551648913298	0.000401907513366551	0.0728546759104452
5	0.896075887254215	0.0127818360651818	0.043294478324223	0.0478477983563797
6	0.0917700477909704	0.658053323810235	0.175789273404864	0.0743873549939298
7	0.135755001571825	0.16916114851322	0.652526532928155	0.0425573169868002
8	0.0814400527022822	0.103530597795711	0.0873451228039397	0.727684226698068
9	0.298238882673568	0.329604939764637	0.269857700560838	0.102298477000957
10	0.371616663674881	0.108620792557254	0.319853426605541	0.199909117162324
