Pos	A	C	G	T
1	0.205907270904871	0.205907270904871	0.2980721803813	0.290113276843651
2	0.614833390107558	0.214094720658305	0.0855359441344152	0.0855359441344152
3	0.160144371891674	0.677995887411068	0.0793147257653214	0.0825450139666301
4	0.920476695807791	0.000216786150521388	0.000216786150521388	0.0790897309258585
5	0.000216786150521388	0.839197060002513	0.0793147257653214	0.0812714271163373
6	0.239242311506476	0.000216786150521388	0.760324115227176	0.000216786150521388
7	0.000216786150521388	0.000216786150521388	0.000216786150521388	0.999349640583128
8	0.160369366731137	0.000216786150521388	0.839197060002513	0.000216786150521388
9	0.123182459779661	0.0443095150043236	0.553322452309783	0.279185571940926
10	0.245735482740594	0.346029887969201	0.164680841774779	0.243553786550117
