Pos	A	C	G	T
1	0.221115075740557	0.2501794303051	0.306228295637884	0.222477197313835
2	0.000142143723508852	0.999573567826847	0.000142143723508852	0.000142143723508852
3	0.177014432423123	0.822701279127233	0.000142143723508852	0.000142143723508852
4	0.999573567826847	0.000142143723508852	0.000142143723508852	0.000142143723508852
5	0.000142143723508852	0.999573567826847	0.000142143723508852	0.000142143723508852
6	0.000142143723508852	0.000142143723508852	0.000142143723508852	0.999573567826847
7	0.000142143723508852	0.000142143723508852	0.000142143723508852	0.999573567826847
8	0.000142143723508852	0.000142143723508852	0.999573567826847	0.000142143723508852
9	0.217847084576084	0.343011549894998	0.216601892461723	0.222539472064567
