Pos	A	C	G	T
1	0.140882846902001	0.192083211606571	0.170362525927587	0.496671415563841
2	0.146419175059883	0.157035763142362	0.367408228823084	0.329136832974671
3	0.675507674785858	0.0843913171824112	0.128440340370538	0.111660667661193
4	0.0532596288383202	0.784603591332769	0.0436052960289245	0.118531483799986
5	0.193261839417441	0.0297862223895502	0.775917306044735	0.00103463214827366
6	0.0262674468153013	0.110866902869561	0.00166251316000811	0.861203137155129
7	0.0371837323592172	0.850539932846755	0.0914572237812577	0.0208191110127699
8	0.962368647119628	0.000826461113459401	0.0347923518041919	0.00201253996272055
9	0.0733660042709699	0.461951852807266	0.195480507992855	0.26920163492891
10	0.251344355101648	0.319521297848101	0.227425777311929	0.201708569738323
