Pos	A	C	G	T
1	0.311929431532961	0.229356858785457	0.229356858785457	0.229356858785457
2	0.370626394983575	0.286897162662571	0.129951938747842	0.212524511495345
3	0.0591605311358419	0.663636324434442	0.0591605311358419	0.218042621183209
4	0.941587284463436	0.0194709078086327	0.0194709078086327	0.0194709078086327
5	0.0194709078086327	0.941587284463436	0.0194709078086327	0.0194709078086327
6	0.0821619580387786	0.000186504232918721	0.917465041384719	0.000186504232918721
7	0.000186504232918721	0.000186504232918721	0.000186504232918721	0.999440495190578
8	0.159299572341634	0.000186504232918721	0.840327427081862	0.000186504232918721
9	0.0208296474197941	0.102805101225654	0.177247578309047	0.699117680934838
10	0.202210021263269	0.403400197905412	0.12023456745741	0.274155221263243
11	0.350139043178126	0.19102597506941	0.267809014572387	0.19102597506941
12	0.230715598396619	0.230715598396619	0.230715598396619	0.307853212699476
13	0.230715598396619	0.230715598396619	0.307853212699476	0.230715598396619
