Pos	A	C	G	T
1	0.126879224583993	0.288079258764302	0.114805069976924	0.470236446674781
2	0.0925718627340986	4.87029945325034e-05	0.719089074696141	0.188290359575227
3	0.570750894434785	0.427072100489344	0.00217483511717386	2.16995869676024e-06
4	0.00799682207899778	0.971697188854408	3.7970118780814e-05	0.0202680189478138
5	0.936293998152239	0.0359428266823008	0.00342783726971007	0.0243353378957506
6	0.213387196643742	0.0098071169412708	0.767476868210852	0.00932881820413499
7	0.0241532282181757	0.681583007048913	0.0762805540899474	0.217983210642964
8	0.0140373677807233	0.0799757049736315	0.0331725557776797	0.872814371467965
9	0.188407159376206	0.0773704838691957	0.66421464789702	0.0700077088575781
10	0.087412605412778	0.060378887492835	0.387858079683879	0.464350427410508
