Pos	A	C	G	T
1	0.335988439153065	0.336805845737149	0.16360286103381	0.16360286103381
2	0.0695335779348095	0.709106595838189	0.0695335779348095	0.151826255250027
3	0.999494983064313	0.000168341297840703	0.000168341297840703	0.000168341297840703
4	0.000168341297840703	0.999494983064313	0.000168341297840703	0.000168341297840703
5	0.000168341297840703	0.000168341297840703	0.999494983064313	0.000168341297840703
6	0.000168341297840703	0.000168341297840703	0.000168341297840703	0.999494983064313
7	0.000168341297840703	0.0778781389554475	0.921785185406707	0.000168341297840703
8	0.0778781389554475	0.000168341297840703	0.313500536166396	0.608452990538152
9	0.166662764282666	0.66020627866819	0.0865654820034895	0.0865654820034895
10	0.30552020910034	0.257078833160268	0.256766199594737	0.18063476510249
