Pos	A	C	G	T
1	0.294222875004708	0.202662393388038	0.269976346967647	0.233138447800162
2	0.159354390217195	0.165027977793322	0.43283991026363	0.2427777991125
3	0.0744234895053701	0.821427427297512	0.00784877183207019	0.096300025361669
4	0.942011647032004	5.7350263591226e-12	0.0246210188868095	0.0333669431744935
5	0.0147425531194063	0.918443165359263	4.72122761137821e-12	0.0668141173607029
6	0.0668141173607029	4.72122761137821e-12	0.918443165359263	0.0147425531194063
7	0.0333669431744935	0.0246210188868095	5.7350263591226e-12	0.942011647032004
8	0.096300025361669	0.00784877183207019	0.821427427297512	0.0744234895053701
9	0.2427777991125	0.43283991026363	0.165027977793322	0.159354390217195
10	0.233138447800162	0.269976346967647	0.202662393388038	0.294222875004708
