Pos	A	C	G	T
1	0.260448318818455	0.296605937853125	0.157969890647342	0.284975852681078
2	0.377627779050773	0.195177421565283	0.288273303032472	0.138921496351472
3	0.00480517403307083	0.897571928246871	0.0268346311556898	0.0707882665643685
4	0.129060027900327	0.0519497875923218	0.146977222922333	0.672012961585019
5	0.0384966604173431	0.000246737933392472	0.0355368965130249	0.925719705136239
6	0.064555909422145	0.0129039267123521	0.0620246360080899	0.860515527857413
7	0.32963345584455	0.117681438193436	0.0706671833495137	0.4820179226125
8	0.217500582733829	0.255239298278305	0.192905711828433	0.334354407159434
9	0.222338623628956	0.260916791862887	0.263539049215729	0.253205535292427
