Pos	A	C	G	T
1	0.22946637186767	0.271987603781824	0.218275164855793	0.280270859494713
2	0.265494827920251	0.270858179213498	0.192788813652754	0.270858179213498
3	0.331307196571011	0.228845254673115	0.258022304137589	0.181825244618285
4	0.0668311917227423	0.83896577505385	0.0218056675138336	0.0723973657095744
5	0.0515675972213046	0.0280192987691659	0.204976126073188	0.715436977936341
6	0.0611586050042307	0.000614756252351005	0.0462226793144959	0.892003959428922
7	0.0596576500824953	0.00976322123091278	0.0428893005274731	0.887689828159119
8	0.320710354659281	0.172524351386039	0.111111965824611	0.395653328130069
9	0.22185829974213	0.260353126560114	0.215301396066507	0.302487177631249
10	0.238190743679881	0.252919636685553	0.265887103751202	0.243002515883363
