Pos	A	C	G	T
1	0.23365654296472	0.268768999297522	0.209317507127065	0.288256950610693
2	0.273150693221204	0.27043279841258	0.188674561257067	0.267741947109149
3	0.358844417912557	0.231108874655238	0.240540606751026	0.169506100681179
4	0.0647816521285191	0.846425693337572	0.0233599359776203	0.0654327185562886
5	0.0830171213176901	0.0265504545389404	0.232536422177603	0.657896001965767
6	0.101796099347199	0.00329686424238035	0.0636227929993802	0.831284243411041
7	0.0774320506317009	0.0384516183906804	0.0721971654724958	0.811919165505123
8	0.349827627647774	0.135292694770865	0.100227293416465	0.414652384164896
9	0.232921021704836	0.249809701361575	0.196507271063694	0.320762005869894
10	0.234090431095448	0.256135729762213	0.258709936642112	0.251063902500227
