Pos	A	C	G	T
1	0.227461389468197	0.227461389468197	0.261642876550741	0.283434344512864
2	0.259361329646676	0.30742224226628	0.173855098440368	0.259361329646676
3	0.373723466818181	0.20716511462353	0.268678670051022	0.150432748507266
4	0.0522779412838615	0.859692277926752	0.027291478467996	0.0607383023213903
5	0.0862246617855095	0.0538906092021295	0.216362715160272	0.643522013852089
6	0.0815848412673697	0.000671422607209153	0.0622801948750769	0.855463541250344
7	0.0805358111129887	0.0237766009631471	0.0679452303140312	0.827742357609833
8	0.322963438412325	0.128707079801434	0.0854164857104508	0.46291299607579
9	0.216530228012124	0.254100576463698	0.186369294391893	0.342999901132285
10	0.227557069537853	0.256569879453359	0.264383595557282	0.251489455451506
