Pos	A	C	G	T
1	0.233167897316136	0.287654119194963	0.179784476991984	0.299393506496917
2	0.380806610198004	0.204852797776748	0.196820404686035	0.217520187339213
3	0.530440658233971	0.112584954974954	0.125676116299806	0.231298270491269
4	0.113155511428789	0.0781603964495755	0.0596660439215654	0.74901804820007
5	0.140991416013402	0.140991416013402	0.589160716021041	0.128856451952156
6	0.773447458828639	0.0708707461769316	0.0434172896871253	0.112264505307304
7	0.066968746123195	0.0481454209888252	0.0931513914553554	0.791734441432625
8	0.126427769035465	0.0302552931568658	0.0707867013783982	0.772530236429271
9	0.3700657449383	0.0325794160449734	0.484772970281186	0.11258186873554
10	0.212852050547882	0.270587988392197	0.347441854531321	0.169118106528599
