Pos	A	C	G	T
1	0.181016443157339	0.288754526974293	0.181016443157339	0.349212587061461
2	0.51229222489035	0.285570771895521	0.10106850178228	0.10106850178228
3	0.902116110851913	0.000130529752651601	0.000130529752651601	0.0976228299932147
4	0.000130529752651601	0.000130529752651601	0.000130529752651601	0.999608411092477
5	0.000130529752651601	0.000130529752651601	0.999608411092477	0.000130529752651601
6	0.999608411092477	0.000130529752651601	0.000130529752651601	0.000130529752651601
7	0.000130529752651601	0.000130529752651601	0.000130529752651601	0.999608411092477
8	0.000130529752651601	0.000130529752651601	0.000130529752651601	0.999608411092477
9	0.35575030817384	0.0691140866829206	0.506021518810751	0.0691140866829206
10	0.14906202805798	0.32797938051518	0.373896563719293	0.14906202805798
