Pos	A	C	G	T
1	0.241460947723917	0.297885073532794	0.201685136859053	0.258968841884236
2	0.308358486896479	0.369172134567212	0.142774009176312	0.179695369359998
3	0.0777588708415156	0.02721076424053	0.730414834075532	0.164615530842422
4	0.860149499152454	0.00433666756609406	0.000266363386380805	0.135247469895071
5	0.0516530069534616	0.174958431521377	0.0422899052831782	0.731098656241984
6	0.105588619818338	0.419704376663024	0.237353501759319	0.237353501759319
7	0.328855162066147	0.175145563053858	0.266564813586244	0.229434461293751
8	0.283193895428271	0.229552510197225	0.22055162752989	0.266701966844614
9	0.286292580356179	0.207891081558216	0.241534977306036	0.264281360779569
