Pos	A	C	G	T
1	0.226627758623858	0.0490729929586274	0.504369352281768	0.219929896135747
2	0.136801600466625	0.756370778838862	0.0254962582147532	0.0813313624797597
3	0.838673637682071	0.00121145442540144	0.025580277431387	0.13453463046114
4	0.105054750270081	0.0229767226707609	0.0394282137699485	0.83254031328921
5	0.00693574430673386	0.0428064320925906	0.0281258300760607	0.922131993524615
6	0.59758652565768	0.0325539621611932	0.0547566644575698	0.315102847723557
7	0.922988053599972	0.00918540941689248	0.0105657357837781	0.0572608011993575
8	0.409031099713157	0.0696714897575113	0.0266767177877638	0.494620692741568
9	0.0943226214446781	0.0671360427133487	0.256395467842392	0.582145867999582
10	0.284648971111813	0.114578106236363	0.391998001186559	0.208774921465265
