Pos	A	C	G	T
1	0.260217480553784	0.233111701685271	0.233111701685271	0.273559116075674
2	0.209803636370475	0.316135850642493	0.19367316626756	0.280387346719472
3	0.251218492171897	0.246244032737849	0.246244032737849	0.256293442352405
4	0.354470576655002	0.226020418614009	0.214997272725429	0.20451173200556
5	0.107622194852793	0.0846586169437719	0.670904564446641	0.136814623756793
6	0.875180929570087	0.000185338877933918	0.000118177286169639	0.124515554265809
7	0.0698271507211558	0.0705289252527957	0.000425718441705601	0.859218205584343
8	0.0572986573801133	0.463254783783294	0.204032070907749	0.275414487928843
9	0.16773580071633	0.26306210018638	0.206931977205675	0.362270121891615
10	0.329653237603459	0.179117373163513	0.343106641442766	0.148122747790262
