Pos	A	C	G	T
1	0.28136436065419	0.126425156729331	0.407340924226234	0.184869558390244
2	0.145373566818135	0.0964772039887442	0.428078569396746	0.330070659796375
3	0.37160924188557	0.225392398655198	0.163668473256046	0.239329886203185
4	0.11510032701691	0.62378400124441	0.124686695740893	0.136428975997787
5	0.205288373596541	0.0253915309557416	0.0669814483882461	0.702338647059471
6	0.489940281982005	0.129578064008167	0.149050251931716	0.231431402078112
7	0.417594471087491	0.134896901885063	0.199240133225386	0.24826849380206
8	0.250235348629508	0.24283977641469	0.137332071103834	0.369592803851968
9	0.268567741309101	0.196980192413504	0.293859915968745	0.240592150308649
10	0.254830155303926	0.232897225883308	0.259978065919413	0.252294552893353
