Pos	A	C	G	T
1	0.0858719428746086	0.250349301834593	0.123082781600139	0.54069597369066
2	0.11136080184796	0.0575569790515987	0.0325499358315086	0.798532283268933
3	0.800307588615013	0.0236886525976634	0.108309854218205	0.0676939045691194
4	0.980710073969109	0.0179623315814954	0.000246172412669238	0.00108142203672639
5	0.00317646121158058	0.978252434413096	0.00267986856557059	0.0158912358097526
6	0.0202051441712273	0.710477467411035	0.0105480101845945	0.258769378233143
7	0.434161488130995	0.296906287118049	0.173021619952671	0.0959106047982859
8	0.23345353254614	0.255438851748241	0.263218122930522	0.247889492775096
9	0.410249191340829	0.150922243276987	0.300896020698159	0.137932544684026
10	0.175835936619083	0.264952716541266	0.395263006216707	0.163948340622945
