Pos	A	C	G	T
1	0.300732353073723	0.203612907045984	0.23421059207861	0.261444147801684
2	0.644452563175615	0.0672489373944921	0.134075251061868	0.154223248368025
3	0.0311209239287304	0.0225984289449124	0.748357187624846	0.197923459501512
4	0.947493238804921	0.0105256991178907	0.0371075258318588	0.00487353624532906
5	0.0334424551724574	0.00315764408287421	0.000618675860572199	0.962781224884096
6	0.184169590855906	0.144872931334355	0.0594929026794902	0.611464575130248
7	3.49799099456079e-05	0.979476861581432	0.000661674600219127	0.0198264839084036
8	0.119160199732938	0.399601900917431	0.202445113209609	0.278792786140022
9	0.240231557242785	0.284747630231944	0.257650310535281	0.21737050198999
10	0.214319658254901	0.272453683442674	0.199830324843586	0.313396333458839
