Pos	A	C	G	T
1	0.180715519673811	0.283418351590089	0.186219126602701	0.349647002133399
2	0.234247509886296	0.158598886913039	0.121071138099584	0.486082465101082
3	0.511054713839584	0.0991344150310177	0.173551894211331	0.216258976918067
4	0.876793857499082	0.000768182389093081	0.000163045155657071	0.122274914956168
5	0.0551493172970786	0.742515960571037	0.0666892897504246	0.13564543238146
6	0.136477441877642	0.453121064257929	0.0942696544683419	0.316131839396087
7	0.323132617510973	0.278122821341847	0.212313258729159	0.186431302418022
8	0.254904314823571	0.247370753804031	0.260053723560731	0.237671207811667
9	0.313483945483161	0.216534123262398	0.249073528541369	0.220908402713071
10	0.244168439559917	0.25668722315441	0.301225246808261	0.197919090477412
