Pos	A	C	G	T
1	0.386216878667216	0.16180615968699	0.19566403349368	0.256312928152113
2	0.645838745529181	0.0798819446626365	0.133026699070386	0.141252610737796
3	0.0390915450455173	0.000976194143320696	0.894179201180926	0.0657530596302355
4	0.985957088938787	0.000327460721536967	0.000337433385197748	0.0133780169544783
5	0.0551525841235422	0.000414825886123326	0.000453891816804472	0.94397869817353
6	0.347843995982005	0.202705480775784	0.0203230171267487	0.429127506115463
7	0.0491194071204275	0.541451888181567	0.0842892396774189	0.325139465020587
8	0.102887296137347	0.14027912347147	0.465743091649896	0.291090488741287
9	0.213519931668381	0.328235121360898	0.312226905595686	0.146018041375035
10	0.223483849074925	0.221260147622627	0.1793499899303	0.375906013372147
