Pos	A	C	G	T
1	0.169505184146306	0.348237079644137	0.22427736247912	0.257980373730437
2	0.147087867408818	0.223862079478274	0.0385143209904316	0.590535732122477
3	0.139953288622788	0.108995730777447	0.104721947044369	0.646329033555396
4	0.963609802858833	0.00480994882489415	0.0114809190533494	0.0200993292629236
5	0.0148785303271959	0.0392487366335298	0.0299616807260304	0.915911052313244
6	0.0142970191727963	0.953415752779321	0.0115889385062134	0.0206982895416691
7	0.0468100896527664	0.61161241320201	0.0878911195389957	0.253686377606228
8	0.431145103287651	0.0924293621416925	0.316222063713889	0.160203470856767
9	0.294218853173922	0.240886023236961	0.16473265532096	0.300162468268157
10	0.374008147565316	0.140369408865346	0.140369408865346	0.345253034703993
