Pos	A	C	G	T
1	0.305743225410097	0.209085992999498	0.222015148735344	0.263155632855061
2	0.485608252377129	0.128432340682143	0.169932658816786	0.216026748123941
3	0.0916462771320858	0.0837583906862957	0.594628209736365	0.229967122445253
4	0.857904120781007	0.0023738007127494	0.0570822006905458	0.0826398778156983
5	0.0206552373757026	0.0254819131726991	0.00243018871189412	0.951432660739704
6	0.235483117628029	0.151659704313925	0.119299748819284	0.493557429238762
7	0.0919326999002972	0.758283090454631	0.0823564507221878	0.0674277589228839
8	0.163179965001667	0.309467683477866	0.211633006142438	0.315719345378029
9	0.264535508357087	0.256717302551419	0.241767250702794	0.2369799383887
10	0.223084984397437	0.272476615237946	0.212205001324917	0.2922333990397
