Pos	A	C	G	T
1	0.180010568413245	0.271243125974571	0.196962934749936	0.351783370862249
2	0.246591277197543	0.184515268818625	0.154120107599425	0.414773346384407
3	0.462475044314585	0.11178670070272	0.184305111214401	0.241433143768294
4	0.897809851790655	0.0314990787732704	0.000588580425823759	0.0701024890102508
5	0.00111452187508515	0.844230448222049	0.0122855712041677	0.142369458698698
6	0.140636790625251	0.50078687615198	0.0971426594415886	0.26143367378118
7	0.29444612331121	0.312653654717276	0.201360340837641	0.191539881133874
8	0.227299988840777	0.294792194213455	0.238953908472884	0.238953908472884
9	0.288398370776266	0.24331155859464	0.260953637183381	0.207336433445713
10	0.240504061305986	0.285070630620052	0.290829439359867	0.183595868714094
