Pos	A	C	G	T
1	0.127768983319741	0.273205378714592	0.144059126419586	0.454966511546082
2	0.167272641408779	0.116702161917369	0.070783439263609	0.645241757410243
3	0.661237719812419	0.0669612043556284	0.14607401014692	0.125727065685033
4	0.916771886274932	0.0499418176529233	0.000142396292225351	0.0331438997799198
5	0.017637904570302	0.925237308484695	0.00466482469686885	0.0524599622481345
6	0.0574934752891497	0.585034879037454	0.0331708496692711	0.324300796004125
7	0.35163558810932	0.299644082394934	0.215421242428155	0.133299087067592
8	0.238186047407122	0.260617047806302	0.260617047806302	0.240579856980275
9	0.354235145442239	0.1924739741526	0.284280363126931	0.16901051727823
10	0.206221487853901	0.270142818053611	0.333269267675807	0.190366426416681
