Pos	A	C	G	T
1	0.259582043399719	0.160756559815994	0.332889469599824	0.246771929467505
2	0.0662667707270909	0.0662667707270909	0.801199690101767	0.0662667707270909
3	0.58369586560586	0.0217922267185289	0.0217922267185289	0.372719683240123
4	0.000166346731997017	0.000166346731997017	0.0850332929279231	0.914634015891123
5	0.99950096208705	0.000166346731997017	0.000166346731997017	0.000166346731997017
6	0.000166346731997017	0.000166346731997017	0.000166346731997017	0.99950096208705
7	0.000166346731997017	0.99950096208705	0.000166346731997017	0.000166346731997017
8	0.000166346731997017	0.900675478503323	0.000166346731997017	0.0989918303157226
9	0.18915186782244	0.0894097874867635	0.632028559487073	0.0894097874867635
10	0.183899576575665	0.183899576575665	0.448301272556041	0.183899576575665
11	0.314877640530356	0.228374120584229	0.228374120584229	0.228374120584229
