Pos	A	C	G	T
1	0.398275750891975	0.182571998390032	0.248923247729237	0.170229002988756
2	0.415036927161844	0.148171071915781	0.177392980004552	0.259399020917823
3	0.348589517441793	0.169676734039421	0.166316909597026	0.31541683892176
4	0.293162853924155	0.17781225920887	0.125302181277873	0.403722705589103
5	0.178670075621455	0.283026618666958	0.160058752700685	0.378244553010902
6	0.266023224326365	0.302954798479746	0.341580581449856	0.0894413957440337
7	0.134814654857606	0.598185500814194	0.13083027966411	0.13616956466409
8	0.00144301005478245	0.0482661866986788	0.950255833387248	3.49698592905752e-05
9	0.0304595914815829	0.2563134053562	0.630429249149526	0.0827977540126904
10	0.301468756150571	0.208234819500751	0.225578087001746	0.264718337346932
