Pos	A	C	G	T
1	0.381525385545196	0.187574742009843	0.180219831175996	0.250680041268964
2	0.10188068416312	0.071794104706388	0.552140401890016	0.274184809240476
3	0.79217924099918	0.0218628244607886	0.153666962713546	0.0322909718264858
4	0.00015221505674267	4.02574213449406e-05	2.36957182721884e-05	0.99978383180364
5	0.173479979105241	0.12224927508734	0.218341903415941	0.485928842391478
6	0.0342917809468891	0.884396686500804	0.0336127581895801	0.0476987743627261
7	0.0792178303165303	0.362201759584764	0.282083014006364	0.276497396092342
8	0.213089857433559	0.30849756262096	0.247575093138125	0.230837486807356
9	0.225177269055843	0.269586136285812	0.227440338233027	0.277796256425318
