Pos	A	C	G	T
1	0.389732926540807	0.203458428387673	0.285848428726704	0.120960216344816
2	0.472670073970361	0.110874355451694	0.2443001585331	0.172155412044845
3	0.254581136445796	0.354114246884457	0.131580600123089	0.259724016546658
4	0.197261625770159	0.37038051538953	0.366695167685955	0.0656626911543555
5	0.0699900451784389	0.763835933819837	0.143789873211568	0.0223841477901565
6	0.0649632301058638	0.140305392101265	0.77574310780681	0.0189882699860619
7	0.0927942630335155	0.228237058020062	0.639307025321027	0.0396616536253954
8	0.213544477934852	0.300018799735504	0.355613738803597	0.130822983526047
9	0.278885798539834	0.176056043596013	0.369002114268139	0.176056043596013
10	0.30250007518813	0.179842510477665	0.293559846865896	0.22409756746831
