Pos	A	C	G	T
1	0.152796408672134	0.454458396610626	0.114331985871803	0.278413208845437
2	0.662290393714248	0.180495188547771	0.153807853863424	0.00340656387455678
3	0.88811989290959	0.108755989984698	9.24679436155949e-05	0.00303164916209694
4	7.65593707644023e-06	1.90198169902539e-05	2.44851430734566e-06	0.999970875731626
5	0.313011765382538	0.325786017856925	0.178795157494733	0.182407059265805
6	0.92603261705916	4.62395237622798e-07	0.0737668510592357	0.000200069486366341
7	0.126891426173085	0.144507557723278	0.130755845419221	0.597845170684416
8	0.217089054083279	0.11333042387766	0.30806403178618	0.361516490252881
9	0.227080600096924	0.258605832687088	0.300457111777509	0.213856455438478
10	0.231646279401068	0.243523038115331	0.325450882088865	0.199379800394737
