Pos	A	C	G	T
1	0.385788191785973	0.20473727013515	0.20473727013515	0.20473727013515
2	0.0250803366418771	0.0250803366418771	0.0250803366418771	0.924758992265792
3	0.176127500426311	0.000227935797688562	0.000227935797688562	0.823416630169737
4	0.278994675533816	0.000227935797688562	0.53197074098163	0.188806649878288
5	0.0876077316186095	0.636627230972062	0.000227935797688562	0.275537103803065
6	0.274994742251472	0.000227935797688562	0.621084601801883	0.103692722340382
7	0.000227935797688562	0.000227935797688562	0.000227935797688562	0.999316194798359
8	0.570368677567683	0.000227935797688562	0.14118713557101	0.288216253255043
9	0.354777401229135	0.0454906662103948	0.0454906662103948	0.5542412685415
10	0.225147599703668	0.225147599703668	0.225147599703668	0.324557203080422
