Pos	A	C	G	T
1	0.28040108226722	0.204564636071976	0.204564636071976	0.310469649923343
2	0.0647665835129322	0.0647665835129322	0.0647665835129322	0.805700253795718
3	0.000135451469228542	0.000135451469228542	0.000135451469228542	0.99959364992683
4	0.754572253890025	0.000135451469228542	0.245156847506034	0.000135451469228542
5	0.000135451469228542	0.99959364992683	0.000135451469228542	0.000135451469228542
6	0.000135451469228542	0.000135451469228542	0.923757203731585	0.0759718976644738
7	0.000135451469228542	0.280481377483535	0.000135451469228542	0.719247723912522
8	0.474814673435753	0.0828541603629597	0.000135451469228542	0.442195719066574
9	0.86328755489187	0.0455708164808816	0.0455708164808816	0.0455708164808816
10	0.185368869039925	0.185368869039925	0.185368869039925	0.44389339721474
