Pos	A	C	G	T
1	0.369683291935406	0.162820223932882	0.206985071321428	0.260511412810284
2	0.565000169860155	0.0853555976808734	0.112936535936104	0.236707696522868
3	0.0854659505470857	0.0281660698748808	0.53278504870896	0.353582930869074
4	0.865362617356832	0.00383108721409657	0.109196458367662	0.0216098370614102
5	0.0365835371816265	0.000656782960830611	0.000197819226324826	0.962561860631218
6	0.190902221191138	0.16931508139255	0.24758683426324	0.392195863153072
7	0.000865023944812433	0.977503535021743	0.00223670076928217	0.0193947402641623
8	0.0485344735717338	0.38849268484022	0.260414434404196	0.30255840718385
9	0.244884774799988	0.260027603572523	0.237647335939884	0.257440285687605
10	0.230697169810851	0.26272448492749	0.188878867578577	0.317699477683082
