Pos	A	C	G	T
1	0.418639847605756	0.116397493115601	0.246413494828192	0.21854916445045
2	0.0780537420683059	0.501396692914331	0.0943864561887133	0.32616310882865
3	0.854833030798262	0.0255568699947828	0.0388965736112439	0.0807135255957112
4	0.155840107146726	0.74906856933594	0.0169256551627373	0.0781656683545959
5	0.113956879202566	0.0487068717764455	0.66902412711908	0.168312121901909
6	0.126744176777044	0.493819812486855	0.126744176777044	0.252691833959056
7	0.361703100612882	0.273369322690267	0.0775423091191088	0.287385267577742
8	0.719350531328196	0.0302153104857146	0.0620753373242209	0.188358820861868
9	0.2117050235825	0.342131069399588	0.163235494163035	0.282928412854877
10	0.216472544621916	0.394438693284001	0.1790139480288	0.210074814065283
