Pos	A	C	G	T
1	0.165880175361815	0.424650166528039	0.198594626134819	0.210875031975327
2	0.188653795691727	0.368674288178686	0.252122118270418	0.190549797859169
3	0.173746247432435	0.301146207677433	0.0934658273690124	0.43164171752112
4	0.191961196722567	0.229819277754913	0.151002025591769	0.427217499930751
5	0.928239887107344	0.0280304157954377	0.0430899675665941	0.000639729530624691
6	0.000753036574277641	0.171804726040579	0.0651282575186532	0.76231397986649
7	0.0283159726518646	0.937696231462236	0.0269349863700386	0.0070528095158607
8	0.0919810560919818	0.545434455691876	0.138598691203265	0.223985797012878
9	0.287177558315238	0.206458762393361	0.308000280762061	0.19836339852934
