Pos	A	C	G	T
1	0.226206921316325	0.321379234947689	0.226206921316325	0.226206921316325
2	0.130106661025878	0.321255612432902	0.22585388475789	0.322783840679993
3	0.0472008698276699	0.0472008698276699	0.858397389413654	0.0472008698276699
4	0.000170938993360439	0.000170938993360439	0.000170938993360439	0.999487181916583
5	0.999487181916583	0.000170938993360439	0.000170938993360439	0.000170938993360439
6	0.999487181916583	0.000170938993360439	0.000170938993360439	0.000170938993360439
7	0.000170938993360439	0.999487181916583	0.000170938993360439	0.000170938993360439
8	0.000170938993360439	0.0912292819642772	0.908428838945667	0.000170938993360439
9	0.0239640174012015	0.0239640174012015	0.519717833456229	0.432354130638032
10	0.522923061439414	0.236948382073954	0.120064277691648	0.120064277691648
11	0.299565752198143	0.202970068889857	0.202970068889857	0.294494108918809
