Pos	A	C	G	T
1	0.213808584144261	0.24593841230609	0.150668362734988	0.389584640814661
2	0.20717871509317	0.176546055277416	0.260755132863313	0.355520096766101
3	0.134749478643322	0.274079261634861	0.134749478643322	0.456421781078495
4	0.740325526956364	0.10428108472913	0.0468565117846906	0.108536876529815
5	0.290223928335215	0.602238045497166	0.0585952005854426	0.0489428255821762
6	0.114400534024371	0.0579572544790996	0.651779129882395	0.175863081614135
7	0.156843657157814	0.495342525869424	0.0786690250243273	0.269144791948435
8	0.391915190904435	0.188867453873048	0.131768351340549	0.287449003881967
9	0.658953087069634	0.0228889061247861	0.0966071103130187	0.221550896492561
10	0.172967798216839	0.377324454584622	0.164532059156349	0.285175688042191
