Pos	A	C	G	T
1	0.31880654458998	0.227064488281466	0.227064488281466	0.227064488281466
2	0.335924261305197	0.265889712782774	0.246688694227154	0.151497341119253
3	0.361748121345311	0.169589857964578	0.390814228468426	0.0778478016560641
4	0.146105589420258	0.145162781851343	0.0534207255428287	0.65531091261995
5	0.0257052806257253	0.0257052806257253	0.136567060294139	0.812022387888788
6	0.999399367492297	0.000200213980694007	0.000200213980694007	0.000200213980694007
7	0.000200213980694007	0.000200213980694007	0.000200213980694007	0.999399367492297
8	0.000200213980694007	0.999399367492297	0.000200213980694007	0.000200213980694007
9	0.0231357280578227	0.837907961383482	0.0231357280578227	0.115820591935252
10	0.204592066491445	0.0987028752200354	0.503996591153637	0.192708476569259
11	0.172352414683225	0.270060719136166	0.385234460931763	0.172352414683225
12	0.409661537045	0.19677949079646	0.19677949079646	0.19677949079646
13	0.224494935713563	0.224494935713563	0.224494935713563	0.326515202293689
