Pos	A	C	G	T
1	0.162389665304554	0.22363131672004	0.0694077677552855	0.54457125022012
2	0.953397721182043	0.00120928848012258	0.00987525519848954	0.0355177351393446
3	0.899600148305368	0.0948171580831512	0.000619991436070172	0.00496270217541046
4	0.0107985782402414	0.981826370183207	0.00168104307942102	0.00569400849713082
5	0.145150737297125	0.286509808134726	0.301199480117734	0.267139974450415
6	0.273432303496654	0.0296972388178605	0.633369558114989	0.0635008995704963
7	0.330733282847841	0.340805610838162	0.032178941854716	0.296282164459281
8	0.2447193826975	0.43707822220436	0.0660301976524727	0.252172197445667
9	0.292499138723253	0.239478040129639	0.160526930895067	0.307495890252041
10	0.261392100357915	0.241295320659987	0.246169809478673	0.251142769503425
