Pos	A	C	G	T
1	0.326361812916308	0.17911116052336	0.229983282514722	0.26454374404561
2	0.530204446083477	0.100812532651865	0.130746806703438	0.23823621456122
3	0.0833538140823846	0.0328875566249945	0.524840479409155	0.358918149883466
4	0.830930987454126	0.0132307907329794	0.148791611146922	0.00704661066597257
5	0.0313510046868513	0.000489312621843434	0.000145911692654232	0.968013770998651
6	0.184467080208468	0.195873887397881	0.259166579862308	0.360492452531343
7	0.000297680081384585	0.990553697395749	4.87165767772437e-05	0.00909990594608977
8	0.0536873411665525	0.381143994073848	0.293881681063049	0.27128698369655
9	0.226063386702606	0.281692325797428	0.247352744213538	0.244891543286428
10	0.224841574788465	0.269184237280218	0.205489726947794	0.300484460983523
