Pos	A	C	G	T
1	0.426961256697796	0.1241421963588	0.1241421963588	0.324754351573529
2	0.0250798919760921	0.326727775410099	0.0250798919760921	0.623112441626641
3	0.999556081362702	0.000147973208740286	0.000147973208740286	0.000147973208740286
4	0.000147973208740286	0.999556081362702	0.000147973208740286	0.000147973208740286
5	0.000147973208740286	0.000147973208740286	0.999556081362702	0.000147973208740286
6	0.000147973208740286	0.597637781060381	0.000147973208740286	0.402066273511061
7	0.999556081362702	0.000147973208740286	0.000147973208740286	0.000147973208740286
8	0.999556081362702	0.000147973208740286	0.000147973208740286	0.000147973208740286
9	0.126005777097172	0.522211676797509	0.126005777097172	0.225776769997071
10	0.225068081479879	0.324795756549286	0.225068081479879	0.225068081479879
