Pos	A	C	G	T
1	0.239944503939331	0.270536672739888	0.293068878906974	0.196449944413806
2	0.220725632960329	0.283417322823587	0.303967397433871	0.191889646782213
3	0.230392144798367	0.254622698179929	0.295829369713817	0.219155787307887
4	0.198727428827264	0.252632075031978	0.337624449413114	0.211016046727643
5	0.112658587754277	0.0960013158311062	0.723689112547113	0.0676509838675037
6	0.0226191989309576	0.117777712507646	0.0721537353348187	0.787449353226577
7	0.820527985443459	0.136995491707606	0.0351613693488841	0.00731515350005062
8	0.000474159754368526	0.996041595408032	0.00323422399130817	0.000250020846291659
9	0.142490799343241	0.107692229455744	0.6580477067479	0.0917692644531157
10	0.229603815201259	0.0861728601979196	0.531846695199702	0.152376629401119
