Pos	A	C	G	T
1	0.184629694811115	0.17214758641504	0.289557000153599	0.353665718620245
2	0.233767561889107	0.195259080846147	0.229138654026631	0.341834703238116
3	0.14193851691731	0.0532711007623899	0.739070994082325	0.0657193882379747
4	0.0220133732379489	0.0366586766210564	0.0146091806567204	0.926718769484274
5	0.926447465887499	0.0674480278056751	0.00587882753539641	0.000225678771429584
6	0.0103980001617456	0.974196954049466	0.000200210392308388	0.0152048353964795
7	0.0836081649159777	0.0601078940701366	0.777544736577157	0.0787392044367285
8	0.178481464498551	0.0588201660223466	0.575065964614496	0.187632404864606
9	0.24991842623655	0.29920667924538	0.154645371474041	0.296229523044029
