Pos	A	C	G	T
1	0.254296561079373	0.109782501505364	0.237104541976545	0.398816395438718
2	0.11172317113986	0.028389635336515	0.809182213782596	0.0507049797410297
3	0.0021632361954778	0.0132183410519253	0.00063865258321856	0.983979770169378
4	0.986073743988287	0.00712586515254314	0.00415258546467591	0.00264780539449396
5	0.00248873217762463	0.994035990933468	0.000583782624036661	0.00289149426487077
6	0.0687280890432963	0.039652657945026	0.626505767720492	0.265113485291186
7	0.513558875260769	0.0791515744378455	0.20466299054116	0.202626559760226
8	0.153564585199892	0.417431821373224	0.134844360618197	0.294159232808687
9	0.322109570783699	0.315731373942656	0.164826230375809	0.197332824897836
