Pos	A	C	G	T
1	0.236445602862015	0.253589843488099	0.291697752613769	0.218266801036118
2	0.286902901867942	0.25192812725362	0.295640396032744	0.165528574845695
3	0.155756916659832	0.15420710944461	0.554627415673807	0.135408558221752
4	0.0594684799713407	0.140533574362293	0.294549309447956	0.505448636218411
5	0.664147951692633	0.1003340324292	0.181001432154396	0.0545165837237709
6	0.0500600230272275	0.71567256116222	0.0792987801594957	0.154968635651057
7	0.278769588976408	0.181342152974602	0.415875357758218	0.124012900290772
8	0.274782229950473	0.184192037042619	0.349316676333802	0.191709056673106
9	0.205485237936362	0.27461612034816	0.263848268253278	0.256050373462199
