Pos	A	C	G	T
1	0.291865208415475	0.18986097252137	0.356484970557614	0.161788848505541
2	0.215786367881931	0.253227648514442	0.345256935559152	0.185729048044475
3	0.290985061141962	0.176491361115858	0.305904184253172	0.226619393489008
4	0.227282451477285	0.142052047725431	0.462290519493173	0.168374981304111
5	0.164006617690251	0.0806329019422786	0.645423556839766	0.109936923527705
6	0.19685610690063	0.455990985137623	0.290752689031589	0.0564002189301584
7	0.641706455620636	0.297118475010669	0.057635054363937	0.00354001500475794
8	0.164139162965872	0.692781478366902	0.108930996567009	0.0341483621002173
9	0.221363162162264	0.523116723780312	0.167302678927377	0.0882174351300471
10	0.490832215155928	0.173486944533531	0.248663940626991	0.0870168996835489
