Pos	A	C	G	T
1	0.299468297561545	0.20275706957166	0.224081216721055	0.27369341614574
2	0.376119719775258	0.12395362411226	0.403391476585239	0.0965351795272425
3	0.0199611005746957	0.000686455010131032	0.883406456417486	0.0959459879976873
4	0.0107629510044789	9.88758530714972e-05	0.000716132390995945	0.988422040751454
5	0.0427085340452934	0.948041957542907	1.58748982372989e-06	0.00924792092197546
6	0.804289695724175	0.0918318807973804	0.0279372108634162	0.0759412126150284
7	0.721865960656306	0.0321959114898055	0.162688848537576	0.0832492793163123
8	0.253544450189266	0.466631167067083	0.119765917917688	0.160058464825963
9	0.215557318311501	0.217723705376379	0.373615372452111	0.193103603860009
