Pos	A	C	G	T
1	0.337931796577224	0.215859456180427	0.197280178556714	0.248928514422517
2	0.40642889221709	0.146187428802867	0.202002653491816	0.245381053336449
3	0.41411657133013	0.115997260332454	0.328449441896504	0.141436546328111
4	0.0578476945386754	0.0282669683139933	0.803097385998318	0.11078779302398
5	0.0631346874193	0.00446935754543004	9.67374051935004e-05	0.932299227030711
6	0.0822919964351602	0.85935975979176	0.0101214141354377	0.0482272392795609
7	0.76334246290919	0.0896370715909676	0.0318810368392612	0.115139460188422
8	0.734157792534349	0.0166321494715452	0.187560356536354	0.0616496191276671
9	0.249756654756859	0.49571381053719	0.0632907226602673	0.191238969421285
10	0.206969627557464	0.180282244284516	0.390841184029917	0.221906994526293
