Pos	A	C	G	T
1	0.271265552118511	0.217695704822863	0.250409665375576	0.26062907768305
2	0.293835150203996	0.180011168569006	0.377291801162263	0.148861880064734
3	0.0374333994851555	0.00124927494726812	0.847730975628822	0.113586349938754
4	0.0569863433470723	0.00719086628427575	0.00802700634058998	0.927795784028062
5	0.135248330302214	0.770556184848265	0.0463913292687005	0.0478041555808207
6	0.57929285060426	0.159462396658868	0.1169572094678	0.144287543269073
7	0.512373450577785	0.0908358248964507	0.227933462439188	0.168857262086577
8	0.264817766527838	0.395061684453743	0.159021898004602	0.181098651013818
9	0.234533127027912	0.234533127027912	0.31658660717093	0.214347138773245
