Pos	A	C	G	T
1	0.24163527901864	0.259155813624073	0.232160624209302	0.267048283147985
2	0.339987838911311	0.116618724586431	0.4543690934932	0.0890243430090577
3	0.0903721858616454	0.018245829653962	0.791505272868862	0.099876711615531
4	0.1156833684779	6.93115914605998e-05	0.0034241623673004	0.880823157563339
5	0.157392621337107	0.749003350049645	0.041212576172951	0.0523914524402967
6	0.758232656199629	0.0791219452615216	0.0434230442343175	0.119222354304532
7	0.650035441144676	0.0298751456860818	0.180734099293834	0.139355313875409
8	0.254248312617604	0.415013644547659	0.132729257865204	0.198008784969533
9	0.231805859423423	0.229499352584631	0.328948172662107	0.209746615329839
