Pos	A	C	G	T
1	0.266969654599267	0.241564132965632	0.229782911182852	0.261683301252248
2	0.226826663566711	0.268858744726716	0.20117720351376	0.303137388192813
3	0.371088302603362	0.127286448530404	0.410116000068366	0.0915092487978681
4	0.0314255216794201	0.000397571835034808	0.794426407755968	0.173750498729577
5	0.0128102543869906	0.00015262764371379	0.00439402636583209	0.982643091603464
6	0.100519657390518	0.889227673970853	0.000472533471786983	0.00978013516684254
7	0.612747859667995	0.157268341775135	0.0788820366653009	0.151101761891569
8	0.530385191794986	0.0825664579408947	0.205121711932812	0.181926638331308
9	0.310578724813827	0.360840997542448	0.151174894974683	0.177405382669042
10	0.243377229824087	0.22920404333263	0.309393096608908	0.218025630234375
