Pos	A	C	G	T
1	0.328750110489172	0.203875266506231	0.297682978353216	0.169691585496607
2	0.109904677922501	0.238767828052302	0.219086412046961	0.432241218263229
3	0.14546790014901	0.0409567170833059	0.558202053513714	0.255373434031647
4	0.0592127204470757	0.120588868312279	0.549721785804204	0.270476789035186
5	0.150352225660342	0.260123332205052	0.324638328554116	0.26488612372688
6	0.26488612372688	0.324638328554116	0.260123332205052	0.150352225660342
7	0.270476789035186	0.549721785804204	0.120588868312279	0.0592127204470757
8	0.255373434031647	0.558202053513714	0.0409567170833059	0.14546790014901
9	0.432241218263229	0.219086412046961	0.238767828052302	0.109904677922501
10	0.169691585496607	0.297682978353216	0.203875266506231	0.328750110489172
