Pos	A	C	G	T
1	0.361660775212638	0.152375059791923	0.219957994366443	0.266006095337625
2	0.410188760663882	0.110301954488728	0.320686508502371	0.158822646098569
3	0.0845320007474822	0.0401922045907384	0.777583813815332	0.0976916554499612
4	0.0918190782201485	0.00271840805569421	0.00388731827339569	0.901575051615172
5	0.120746832310172	0.809938266505327	0.0244890132590738	0.0448256400659287
6	0.834286505666057	0.0533796194485275	0.0616268203961348	0.0507066463838354
7	0.782525271653648	5.60057027251374e-07	0.165566261052711	0.0519075534048272
8	0.212981071493907	0.544886080667115	0.0723559570456311	0.169777115291908
9	0.178935044011734	0.162660408811215	0.438980984660687	0.219423386692015
10	0.250035093367128	0.211679723102672	0.272428715621199	0.26585641084334
