Pos	A	C	G	T
1	0.216578753926309	0.168127622939985	0.428817753741113	0.186476077672031
2	0.087889848729369	0.194225754560956	0.154321946842945	0.563562428146105
3	0.0351548148175181	1.6587537808739e-11	0.843792402013354	0.121052623759668
4	2.12262346358188e-11	2.13153347477868e-11	0.980689268075498	0.0193110827071113
5	0.0683140834572806	0.0778454624351567	0.520947522947714	0.332892852082894
6	0.332892852082894	0.520947522947714	0.0778454624351567	0.0683140834572806
7	0.0193110827071113	0.980689268075498	2.13153347477868e-11	2.12262346358188e-11
8	0.121052623759668	0.843792402013354	1.6587537808739e-11	0.0351548148175181
9	0.563562428146105	0.154321946842945	0.194225754560956	0.087889848729369
10	0.186476077672031	0.428817753741113	0.168127622939985	0.216578753926309
