Pos	A	C	G	T
1	0.276406458531772	0.240296231047695	0.233194404149958	0.250102906270575
2	0.319266959526002	0.189810767742845	0.229528594516684	0.26139367821447
3	0.337830638823193	0.156420000671409	0.331141143977986	0.174608216527412
4	0.128546382960971	0.0844609921292248	0.611729258059139	0.175263366850665
5	0.161253950420804	0.0435095500044202	0.020145490251007	0.775091009323769
6	0.208603267493484	0.620443289843601	0.0918754822502353	0.0790779604126794
7	0.59589633321822	0.149914737319591	0.0782623555005204	0.175926573961668
8	0.549062258074916	0.0572949128125302	0.223232055475852	0.170410773636702
9	0.281131235447304	0.375711510775939	0.132796992572885	0.210360261203872
10	0.231319214173574	0.220037642976144	0.303019947325116	0.245623195525166
