Pos	A	C	G	T
1	0.0838552143996635	0.138253875628171	0.589392103824478	0.188498806147687
2	0.0203094722742867	0.0120743985865547	0.898824133789545	0.0687919953496137
3	0.102201816828598	0.0244578066425117	0.834597401299472	0.0387429752294184
4	0.153599860464385	0.30017057973001	0.421723932725541	0.124505627080065
5	0.0365884916542609	0.879834441179293	0.0113558582424944	0.0722212089239516
6	0.00500826508725134	0.963998331949774	0.00739711134405603	0.0235962916189185
7	0.00118149897994244	0.979247043262512	0.00284847554345216	0.0167229822140936
8	0.893637142017906	0.016698181345772	0.0843774184394643	0.00528725819685762
9	0.00548698057592136	0.909030018413713	0.0374264666180296	0.0480565343923365
10	0.266737679863926	0.401925079950874	0.106300044416995	0.225037195768205
