Pos	A	C	G	T
1	0.280934429587023	0.223211844415666	0.249166486983257	0.246687239014054
2	0.321048804095175	0.194725942964241	0.223988150144237	0.260237102796347
3	0.402698626621411	0.0871986158652368	0.406745815102834	0.103356942410519
4	0.0510908014098201	0.000150108707671152	0.910145492837198	0.0386135970453111
5	0.0906404628070806	0.00351451214477411	0.00178051157262226	0.904064513475523
6	0.000480268121205885	0.998834654085598	5.59436276244391e-05	0.000629134165571469
7	0.868766745156935	0.0664915367156	0.021053665380765	0.0436880527466997
8	0.780465447446393	0.0101745598249006	0.162372076380388	0.0469879163483179
9	0.208081230315325	0.606635753081675	0.0652305902176833	0.120052426385316
10	0.159427385988194	0.208844208108339	0.429056476936227	0.20267192896724
