Pos	A	C	G	T
1	0.175288178943568	0.130931901272774	0.414340419493491	0.279439702840667
2	0.073907024559574	0.146131855841161	0.334546196850839	0.445415031965489
3	1.31666575039012e-05	2.32195913909185e-11	0.928722798026636	0.0712642350716383
4	2.50016501089072e-11	2.50016501089072e-11	1.00000047604234	2.50016501089072e-11
5	0.12669009708339	0.100772865204181	0.660900467162281	0.111636613079115
6	0.111636613079115	0.660900467162281	0.100772865204181	0.12669009708339
7	2.50016501089072e-11	1.00000047604234	2.50016501089072e-11	2.50016501089072e-11
8	0.0712642350716383	0.928722798026636	2.32195913909185e-11	1.31666575039012e-05
9	0.445415031965489	0.334546196850839	0.146131855841161	0.073907024559574
10	0.279439702840667	0.414340419493491	0.130931901272774	0.175288178943568
