Pos	A	C	G	T
1	0.354838709677	0.193548387097	0.161290322581	0.290322580645
2	0.203125	0.234375	0.125	0.4375
3	0.123076923077049	0.753846153846301	0.0153846153846062	0.107692307692043
4	0.615384615384569	0.0923076923076354	0.123076923076914	0.169230769230882
5	0.0153846153846077	0.861538461538431	0.0461538461538231	0.0769230769231385
6	0.0	1.0	0.0	0.0
7	0.0	0.0	0.0	1.0
8	0.0	0.0	1.0	0.0
9	0.43636363636352	0.12727272727286	0.34545454545462	0.090909090909
10	0.222222222222	0.277777777778	0.333333333333	0.166666666667
11	0.230769230769	0.269230769231	0.307692307692	0.192307692308
12	0.173913043478	0.434782608696	0.108695652174	0.282608695652
