Pos	A	C	G	T
1	0.36666666666689	0.46666666666686	0.03333333333329	0.13333333333296
2	0.0	0.733333333333	0.0	0.266666666667
3	0.80000000000024	0.0	0.13333333333304	0.06666666666672
4	0.533333333333	0.0666666666667	0.0333333333333	0.366666666667
5	0.766666666667	0.0	0.0	0.233333333333
6	0.566666666667	0.0	0.0	0.433333333333
7	0.79999999999976	0.03333333333329	0.0	0.16666666666695
8	0.26666666666692	0.0	0.03333333333329	0.69999999999979
9	0.46666666666686	0.03333333333329	0.49999999999985	0.0
10	0.0333333333333133	0.0333333333333133	0.933333333333373	0.0
11	0.46666666666686	0.16666666666695	0.03333333333329	0.3333333333329
12	0.833333333333	0.166666666667	0.0	0.0
13	0.70000000000021	0.06666666666672	0.10000000000003	0.13333333333304
14	0.233333333333	0.166666666667	0.266666666667	0.333333333333
