Pos	A	C	G	T
1	0.0	0.0	0.0	1.0
2	0.0	1.0	0.0	0.0
3	1.0	0.0	0.0	0.0
4	0.0	0.909090909090909	0.0	0.0909090909090909
5	0.0	0.0	1.0	0.0
6	0.0	0.0	0.0	1.0
7	0.0	0.0	1.0	0.0
8	0.636363636364	0.0	0.0	0.363636363636
9	0.0909090909090909	0.636363636363936	0.0	0.272727272726973
10	0.0	0.0	0.0909090909090909	0.909090909090909
11	0.0909090909090909	0.545454545454946	0.181818181817982	0.181818181817982
12	0.636363636363873	0.0909090909090818	0.181818181817964	0.0909090909090818
13	0.0	0.636363636363936	0.0909090909090909	0.272727272726973
14	0.0909090909090909	0.0	0.545454545454946	0.363636363635964
