Pos	A	C	G	T
1	0.176470588234824	0.117647058823882	0.352941176470647	0.352941176470647
2	0.147058823529147	0.205882352941206	0.382352941176382	0.264705882353265
3	0.235294117647047	0.0	0.705882352941141	0.0588235294118118
4	0.0	0.941176470588188	0.0	0.0588235294118118
5	0.911764705882274	0.0	0.0588235294118176	0.0294117647059088
6	0.0	1.0	0.0	0.0
7	0.617647058824	0.0	0.382352941176	0.0
8	0.235294117647235	0.176470588235176	0.441176470588441	0.147058823529147
9	0.441176470588088	0.0294117647059059	0.0294117647059059	0.5000000000001
10	0.0	0.0882352941176353	0.0	0.911764705882365
11	0.117647058824	0.735294117647	0.0	0.147058823529
12	0.0	1.0	0.0	0.0
13	0.0	0.970588235294097	0.0	0.0294117647059029
14	0.264705882353026	0.323529411765032	0.382352941176038	0.0294117647059029
15	1.0	0.0	0.0	0.0
16	0.205882352941021	0.0294117647059029	0.470588235294047	0.294117647059029
17	0.0882352941175647	0.0294117647058882	0.852941176470659	0.0294117647058882
18	0.0588235294117765	0.294117647058882	0.0882352941175647	0.558823529411776
19	0.235294117647235	0.176470588235177	0.411764705882412	0.176470588235177
20	0.352941176470647	0.294117647058706	0.117647058823882	0.235294117646765
21	0.558823529411665	0.117647058823929	0.0882352941175471	0.235294117646859
