Pos	A	C	G	T
1	0.0	1.0	0.0	0.0
2	0.244897959184	0.0	0.755102040816	0.0
3	0.0	0.408163265306	0.591836734694	0.0
4	0.0	0.469387755101859	0.0204081632652939	0.510204081632847
5	0.0204081632652959	0.0612244897958878	0.918367346938816	0.0
6	0.0	0.918367346938816	0.0816326530611837	0.0
7	0.102040816326898	0.571428571428429	0.122448979591878	0.204081632652796
8	0.0612244897959061	0.510204081633051	0.224489795918022	0.20408163265302
9	0.0612244897959061	0.632653061224063	0.10204081632701	0.20408163265302
10	0.0816326530611837	0.530612244897894	0.142857142856971	0.244897959183951
