Pos	A	C	G	T
1	0.433333333333	0.0	0.2	0.366666666667
2	0.566666666667	0.0	0.1	0.333333333333
3	0.4	0.0	0.166666666667	0.433333333333
4	0.53333333333284	0.03333333333329	0.26666666666692	0.16666666666695
5	0.433333333333433	0.0	0.233333333333233	0.333333333333333
6	0.36666666666689	0.03333333333329	0.39999999999988	0.19999999999994
7	0.0	0.0	1.0	0.0
8	0.0	0.0	0.0	1.0
9	1.0	0.0	0.0	0.0
10	0.0	1.0	0.0	0.0
11	0.50000000000015	0.06666666666672	0.3333333333331	0.10000000000003
12	0.333333333333333	0.133333333333133	0.2000000000002	0.333333333333333
13	0.50000000000035	0.133333333333093	0.0333333333333233	0.333333333333233
14	0.366666666667	0.2	0.133333333333	0.3
15	0.433333333333	0.2	0.0	0.366666666667
16	0.46666666666686	0.13333333333296	0.03333333333329	0.36666666666689
