Pos	A	C	G	T
1	0.212224	0.183362	0.298812	0.305603
2	0.113752	0.514431	0.120543	0.251273
3	0.17657	0.602716	0.039049	0.181664
4	0.295416	0.108659	0.264856	0.33107
5	0.091681	0.570458	0.098472	0.239389
6	0.093379	0.835314	0.011885	0.059423
7	0.142615	0.0	0.59253	0.264856
8	0.016978	0.925297	0.054329	0.003396
9	0.001698	0.996604	0.001698	0.0
10	0.023769	0.0	0.967742	0.008489
11	0.0	0.942275	0.0	0.057725
12	0.003396	0.996604	0.0	0.0
13	0.137521	0.0	0.862479	0.0
14	0.052632	0.533107	0.056027	0.358234
15	0.252971	0.465195	0.066214	0.21562
