Pos	A	C	G	T
1	0.263605	0.355442	0.096939	0.284014
2	0.312925	0.193878	0.236395	0.256803
3	0.193878	0.340136	0.161565	0.304422
4	0.217687	0.47449	0.062925	0.244898
5	0.256803	0.102041	0.280612	0.360544
6	0.103741	0.542517	0.229592	0.12415
7	0.115646	0.879252	0.0	0.005102
8	0.008503	0.0	0.989796	0.001701
9	0.0	1.0	0.0	0.0
10	0.005102	0.994898	0.0	0.0
11	0.0	0.0	1.0	0.0
12	0.042517	0.704082	0.005102	0.248299
13	0.119048	0.848639	0.0	0.032313
14	0.612245	0.0	0.272109	0.115646
15	0.265306	0.187075	0.05102	0.496599
16	0.331633	0.173469	0.057823	0.437075
17	0.27551	0.112245	0.176871	0.435374
18	0.19898	0.306122	0.153061	0.341837
