Pos	A	C	G	T
1	0.240803	0.287625	0.165552	0.30602
2	0.145485	0.173913	0.229097	0.451505
3	0.080268	0.342809	0.056856	0.520067
4	0.0301	0.23913	0.063545	0.667224
5	0.312709	0.001672	0.685619	0.0
6	0.0	0.994983	0.0	0.005017
7	0.0	1.0	0.0	0.0
8	0.0	0.0	1.0	0.0
9	0.9699	0.001672	0.0	0.028428
10	0.0	1.0	0.0	0.0
11	0.899666	0.003344	0.085284	0.011706
12	0.419732	0.244147	0.140468	0.195652
13	0.381271	0.158863	0.103679	0.356187
14	0.352843	0.135452	0.200669	0.311037
15	0.295987	0.190635	0.175585	0.337793
16	0.267559	0.327759	0.160535	0.244147
