Pos	A	C	G	T
1	0.176471	0.497479	0.115966	0.210084
2	0.211765	0.494118	0.070588	0.223529
3	0.307563	0.109244	0.277311	0.305882
4	0.109244	0.505882	0.107563	0.277311
5	0.089076	0.815126	0.02521	0.070588
6	0.117647	0.018487	0.527731	0.336134
7	0.023529	0.858824	0.092437	0.02521
8	0.001681	0.998319	0.0	0.0
9	0.015126	0.0	0.984874	0.0
10	0.003361	0.984874	0.001681	0.010084
11	0.0	1.0	0.0	0.0
12	0.016807	0.0	0.969748	0.013445
13	0.010084	0.615126	0.018487	0.356303
14	0.144538	0.628571	0.063866	0.163025
15	0.436975	0.047059	0.29916	0.216807
