Pos	A	C	G	T
1	0.130872	0.510067	0.134228	0.224832
2	0.197987	0.530201	0.063758	0.208054
3	0.318792	0.130872	0.241611	0.308725
4	0.082215	0.54698	0.124161	0.246644
5	0.088926	0.840604	0.006711	0.063758
6	0.139262	0.005034	0.535235	0.32047
7	0.006711	0.879195	0.090604	0.02349
8	0.018456	0.979866	0.001678	0.0
9	0.041946	0.0	0.958054	0.0
10	0.0	0.963087	0.015101	0.021812
11	0.0	1.0	0.0	0.0
12	0.065436	0.0	0.907718	0.026846
13	0.011745	0.588926	0.013423	0.385906
14	0.189597	0.592282	0.040268	0.177852
15	0.528523	0.033557	0.229866	0.208054
