Pos	A	C	G	T
1	0.105925	0.599641	0.098743	0.195691
2	0.166966	0.610413	0.061041	0.16158
3	0.368043	0.131059	0.2693	0.231598
4	0.089767	0.610413	0.095153	0.204668
5	0.132855	0.64632	0.05386	0.166966
6	0.211849	0.023339	0.368043	0.396768
7	0.034111	0.877917	0.032316	0.055655
8	0.010772	0.989228	0.0	0.0
9	0.710952	0.0	0.287253	0.001795
10	0.0	0.994614	0.001795	0.003591
11	0.001795	0.998205	0.0	0.0
12	0.057451	0.0	0.931777	0.010772
13	0.132855	0.657092	0.017953	0.192101
14	0.037702	0.709156	0.014363	0.238779
15	0.425494	0.037702	0.228007	0.308797
