Pos	A	C	G	T
1	0.101724	0.636207	0.065517	0.196552
2	0.151724	0.663793	0.024138	0.160345
3	0.368966	0.072414	0.310345	0.248276
4	0.055172	0.62069	0.124138	0.2
5	0.1	0.851724	0.008621	0.039655
6	0.139655	0.0	0.637931	0.222414
7	0.005172	0.912069	0.055172	0.027586
8	0.027586	0.972414	0.0	0.0
9	0.117241	0.0	0.867241	0.015517
10	0.006897	0.925862	0.034483	0.032759
11	0.006897	0.993103	0.0	0.0
12	0.125862	0.0	0.801724	0.072414
13	0.005172	0.72069	0.02931	0.244828
14	0.094828	0.731034	0.05	0.124138
15	0.410345	0.02931	0.377586	0.182759
