Pos	A	C	G	T
1	0.069841	0.08254	0.034921	0.812698
2	0.695238	0.012698	0.0	0.292063
3	0.047619	0.0	0.0	0.952381
4	0.980952	0.006349	0.006349	0.006349
5	0.342857	0.08254	0.079365	0.495238
6	0.206349	0.060317	0.04127	0.692063
7	0.907937	0.057143	0.022222	0.012698
8	0.0	0.003175	0.0	0.996825
9	1.0	0.0	0.0	0.0
10	0.273016	0.0	0.0	0.726984
11	0.64127	0.0	0.228571	0.130159
12	0.130159	0.060317	0.787302	0.022222
13	0.009524	0.006349	0.0	0.984127
14	0.225397	0.063492	0.019048	0.692063
15	0.101587	0.063492	0.053968	0.780952
16	0.253968	0.069841	0.104762	0.571429
