Pos	A	C	G	T
1	0.239531	0.313233	0.127303	0.319933
2	0.257956	0.214405	0.268007	0.259631
3	0.249581	0.299832	0.187605	0.262982
4	0.283082	0.350084	0.140704	0.226131
5	0.306533	0.130653	0.301508	0.261307
6	0.068677	0.463987	0.167504	0.299832
7	0.00335	0.991625	0.001675	0.00335
8	0.879397	0.0	0.118928	0.001675
9	0.001675	0.998325	0.0	0.0
10	0.0	1.0	0.0	0.0
11	0.0	0.0	1.0	0.0
12	0.951424	0.023451	0.001675	0.023451
13	0.0	1.0	0.0	0.0
14	0.740369	0.21943	0.01005	0.030151
15	0.427136	0.187605	0.011725	0.373534
16	0.276382	0.234506	0.102178	0.386935
17	0.288107	0.150754	0.239531	0.321608
