Pos	A	C	G	T
1	0.180887	0.56314	0.046075	0.209898
2	0.18942	0.102389	0.348123	0.360068
3	0.02901	0.651877	0.186007	0.133106
4	0.105802	0.892491	0.0	0.001706
5	0.035836	0.0	0.928328	0.035836
6	0.0	0.998294	0.001706	0.0
7	0.0	1.0	0.0	0.0
8	0.027304	0.0	0.97099	0.001706
9	0.0	0.964164	0.0	0.035836
10	0.0	1.0	0.0	0.0
11	0.390785	0.0	0.523891	0.085324
12	0.081911	0.532423	0.06314	0.322526
13	0.199659	0.438567	0.075085	0.286689
14	0.375427	0.061433	0.308874	0.254266
15	0.182594	0.474403	0.09727	0.245734
