Pos	A	C	G	T
1	0.270019	0.154562	0.33892	0.236499
2	0.145251	0.540037	0.126629	0.188082
3	0.156425	0.556797	0.09311	0.193669
4	0.223464	0.134078	0.411546	0.230912
5	0.13594	0.536313	0.089385	0.238361
6	0.156425	0.627561	0.046555	0.16946
7	0.225326	0.05959	0.38175	0.333333
8	0.009311	0.703911	0.128492	0.158287
9	0.096834	0.878957	0.013035	0.011173
10	0.035382	0.0	0.94041	0.024209
11	0.0	1.0	0.0	0.0
12	0.0	1.0	0.0	0.0
13	0.020484	0.0	0.979516	0.0
14	0.0	0.936685	0.0	0.063315
15	0.005587	0.994413	0.0	0.0
16	0.316574	0.0	0.538175	0.145251
17	0.065177	0.489758	0.096834	0.348231
