Pos	A	C	G	T
1	0.23506	0.282869	0.12749	0.354582
2	0.262948	0.298805	0.139442	0.298805
3	0.310757	0.167331	0.227092	0.294821
4	0.278884	0.282869	0.135458	0.302789
5	0.239044	0.298805	0.151394	0.310757
6	0.155378	0.12749	0.302789	0.414343
7	0.091633	0.585657	0.087649	0.23506
8	0.059761	0.788845	0.055777	0.095618
9	0.844622	0.003984	0.151394	0.0
10	0.007968	0.976096	0.0	0.015936
11	0.0	0.996016	0.0	0.003984
12	0.0	0.003984	0.996016	0.0
13	1.0	0.0	0.0	0.0
14	0.0	0.996016	0.0	0.003984
15	0.940239	0.003984	0.051793	0.003984
16	0.374502	0.38247	0.111554	0.131474
17	0.398406	0.179283	0.01992	0.40239
