Pos	A	C	G	T
1	0.294416	0.311337	0.138748	0.255499
2	0.285956	0.137056	0.258883	0.318105
3	0.049069	0.595601	0.14044	0.21489
4	0.030457	0.908629	0.023689	0.037225
5	0.913706	0.0	0.086294	0.0
6	0.0	1.0	0.0	0.0
7	0.0	1.0	0.0	0.0
8	0.0	0.0	1.0	0.0
9	0.994924	0.0	0.0	0.005076
10	0.0	1.0	0.0	0.0
11	0.959391	0.0	0.038917	0.001692
12	0.36379	0.341794	0.137056	0.15736
13	0.375635	0.164129	0.064298	0.395939
14	0.333333	0.145516	0.164129	0.357022
15	0.27242	0.233503	0.162437	0.331641
16	0.23181	0.323181	0.123519	0.321489
