Pos	A	C	G	T
1	0.971576	0.0	0.028424	0.0
2	0.0	0.0	0.010336	0.989664
3	0.093023	0.111111	0.124031	0.671835
4	0.578811	0.043928	0.074935	0.302326
5	0.651163	0.077519	0.134367	0.136951
6	0.341085	0.077519	0.121447	0.459948
7	0.341085	0.237726	0.183463	0.237726
8	0.860465	0.02584	0.059432	0.054264
9	0.010336	0.0	0.023256	0.966408
10	0.0	0.059432	0.072351	0.868217
11	0.444444	0.0	0.056848	0.498708
12	0.906977	0.0	0.093023	0.0
13	1.0	0.0	0.0	0.0
14	0.0	0.0	0.0	1.0
15	0.245478	0.108527	0.149871	0.496124
