Pos	A	C	G	T
1	0.123675	0.54417	0.141343	0.190813
2	0.180212	0.607774	0.067138	0.144876
3	0.190813	0.081272	0.40636	0.321555
4	0.042403	0.64311	0.176678	0.137809
5	0.134276	0.826855	0.038869	0.0
6	0.014134	0.0	0.982332	0.003534
7	0.0	1.0	0.0	0.0
8	0.0	1.0	0.0	0.0
9	0.003534	0.0	0.996466	0.0
10	0.0	0.890459	0.003534	0.106007
11	0.0	0.992933	0.0	0.007067
12	0.420495	0.003534	0.473498	0.102473
13	0.056537	0.59364	0.084806	0.265018
14	0.194346	0.484099	0.088339	0.233216
15	0.367491	0.095406	0.332155	0.204947
