Pos	A	C	G	T
1	0.294613	0.292929	0.13468	0.277778
2	0.262626	0.153199	0.242424	0.341751
3	0.079125	0.53367	0.12963	0.257576
4	0.058923	0.843434	0.030303	0.06734
5	0.883838	0.0	0.116162	0.0
6	0.0	1.0	0.0	0.0
7	0.0	1.0	0.0	0.0
8	0.0	0.0	1.0	0.0
9	1.0	0.0	0.0	0.0
10	0.0	1.0	0.0	0.0
11	0.954545	0.0	0.040404	0.005051
12	0.383838	0.328283	0.136364	0.151515
13	0.405724	0.161616	0.048822	0.383838
14	0.37037	0.136364	0.132997	0.360269
15	0.26431	0.232323	0.164983	0.338384
16	0.252525	0.272727	0.138047	0.3367
