Pos	A	C	G	T
1	0.268333	0.355	0.131667	0.245
2	0.26	0.163333	0.373333	0.203333
3	0.175	0.436667	0.17	0.218333
4	0.211667	0.396667	0.123333	0.268333
5	0.286667	0.16	0.341667	0.211667
6	0.186667	0.381667	0.136667	0.295
7	0.271667	0.355	0.046667	0.326667
8	0.278333	0.083333	0.233333	0.405
9	0.08	0.406667	0.141667	0.371667
10	0.51	0.463333	0.026667	0.0
11	0.0	0.0	0.998333	0.001667
12	0.0	1.0	0.0	0.0
13	0.1	0.898333	0.0	0.001667
14	0.01	0.0	0.99	0.0
15	0.005	0.961667	0.0	0.033333
16	0.001667	0.998333	0.0	0.0
17	0.421667	0.013333	0.391667	0.173333
18	0.06	0.401667	0.078333	0.46
