Pos	A	C	G	T
1	0.213333	0.405714	0.135238	0.245714
2	0.180952	0.43619	0.165714	0.217143
3	0.297143	0.180952	0.297143	0.224762
4	0.139048	0.4	0.142857	0.318095
5	0.192381	0.525714	0.068571	0.213333
6	0.23619	0.08	0.337143	0.346667
7	0.062857	0.630476	0.154286	0.152381
8	0.034286	0.914286	0.017143	0.034286
9	0.710476	0.0	0.289524	0.0
10	0.0	1.0	0.0	0.0
11	0.0	1.0	0.0	0.0
12	0.00381	0.00381	0.992381	0.0
13	0.510476	0.228571	0.022857	0.238095
14	0.0	0.994286	0.0	0.005714
15	0.411429	0.48381	0.07619	0.028571
