Pos	A	C	G	T
1	0.374787	0.30494	0.11925	0.201022
2	0.342419	0.132879	0.245315	0.279387
3	0.241908	0.284497	0.146508	0.327087
4	0.325383	0.241908	0.178876	0.253833
5	0.030664	0.0	0.967632	0.001704
6	0.0	0.998296	0.001704	0.0
7	0.0	1.0	0.0	0.0
8	0.0	0.0	1.0	0.0
9	0.006814	0.011925	0.826235	0.155026
10	0.001704	0.998296	0.0	0.0
11	0.107325	0.579216	0.269165	0.044293
12	0.454855	0.117547	0.238501	0.189097
13	0.390119	0.153322	0.235094	0.221465
14	0.364566	0.153322	0.303237	0.178876
15	0.424191	0.105622	0.269165	0.201022
