Pos	A	C	G	T
1	0.257496	0.282187	0.142857	0.31746
2	0.285714	0.326279	0.074074	0.313933
3	0.24515	0.135802	0.195767	0.42328
4	0.266314	0.343915	0.118166	0.271605
5	0.402116	0.546737	0.037037	0.014109
6	0.904762	0.0	0.095238	0.0
7	0.0	0.998236	0.0	0.001764
8	0.0	1.0	0.0	0.0
9	0.001764	0.0	0.998236	0.0
10	0.686067	0.312169	0.0	0.001764
11	0.0	1.0	0.0	0.0
12	0.675485	0.005291	0.0194	0.299824
13	0.054674	0.038801	0.014109	0.892416
14	0.587302	0.05291	0.029982	0.329806
15	0.47619	0.104056	0.222222	0.197531
