Pos	A	C	G	T
1	0.107692	0.526923	0.111538	0.253846
2	0.153846	0.619231	0.073077	0.153846
3	0.192308	0.146154	0.419231	0.242308
4	0.119231	0.592308	0.096154	0.192308
5	0.126923	0.615385	0.057692	0.2
6	0.273077	0.073077	0.453846	0.2
7	0.111538	0.561538	0.088462	0.238462
8	0.161538	0.642308	0.042308	0.153846
9	0.215385	0.076923	0.473077	0.234615
10	0.003846	0.7	0.192308	0.103846
11	0.057692	0.919231	0.007692	0.015385
12	0.026923	0.0	0.946154	0.026923
13	0.0	1.0	0.0	0.0
14	0.019231	0.980769	0.0	0.0
15	0.023077	0.0	0.976923	0.0
16	0.0	0.919231	0.0	0.080769
17	0.0	1.0	0.0	0.0
18	0.330769	0.015385	0.469231	0.184615
19	0.069231	0.503846	0.057692	0.369231
20	0.203846	0.426923	0.107692	0.261538
