Pos	A	C	G	T
1	0.184564	0.494966	0.127517	0.192953
2	0.283557	0.134228	0.323826	0.258389
3	0.125839	0.548658	0.08557	0.239933
4	0.187919	0.562081	0.015101	0.234899
5	0.303691	0.075503	0.288591	0.332215
6	0.040268	0.619128	0.115772	0.224832
7	0.261745	0.724832	0.013423	0.0
8	0.058725	0.0	0.922819	0.018456
9	0.0	1.0	0.0	0.0
10	0.040268	0.959732	0.0	0.0
11	0.026846	0.0	0.964765	0.008389
12	0.0	0.956376	0.0	0.043624
13	0.003356	0.994966	0.0	0.001678
14	0.348993	0.0	0.540268	0.110738
15	0.043624	0.557047	0.055369	0.34396
