Pos	A	C	G	T
1	0.702643	0.063877	0.10793	0.125551
2	0.713656	0.090308	0.04185	0.154185
3	0.563877	0.063877	0.013216	0.359031
4	0.268722	0.057269	0.044053	0.629956
5	0.220264	0.196035	0.066079	0.517621
6	0.381057	0.15859	0.27533	0.185022
7	0.797357	0.070485	0.0	0.132159
8	0.975771	0.006608	0.017621	0.0
9	0.980176	0.0	0.0	0.019824
10	0.0	0.0	0.0	1.0
11	0.0	0.262115	0.0	0.737885
12	0.77533	0.0	0.22467	0.0
13	0.933921	0.011013	0.055066	0.0
14	0.535242	0.0	0.022026	0.442731
15	0.268722	0.030837	0.017621	0.682819
