Pos	A	C	G	T
1	0.308219	0.131849	0.131849	0.428082
2	0.25	0.145548	0.155822	0.44863
3	0.155822	0.083904	0.054795	0.705479
4	0.018836	0.063356	0.023973	0.893836
5	0.001712	0.006849	0.02226	0.969178
6	0.0	0.005137	0.0	0.994863
7	0.0	0.0	1.0	0.0
8	0.0	0.0	0.068493	0.931507
9	0.02226	0.964041	0.0	0.013699
10	0.059932	0.104452	0.539384	0.296233
11	0.006849	0.034247	0.094178	0.864726
12	0.017123	0.203767	0.070205	0.708904
13	0.202055	0.0	0.0	0.797945
14	0.260274	0.018836	0.0	0.72089
15	0.066781	0.407534	0.424658	0.101027
16	0.018836	0.308219	0.017123	0.655822
17	0.188356	0.070205	0.436644	0.304795
