Pos	A	C	G	T
1	0.297659	0.11204	0.309365	0.280936
2	0.40301	0.122074	0.175585	0.299331
3	0.254181	0.061873	0.105351	0.578595
4	0.033445	0.001672	0.841137	0.123746
5	0.265886	0.647157	0.083612	0.003344
6	0.0	0.043478	0.0	0.956522
7	0.0	0.023411	0.884615	0.091973
8	1.0	0.0	0.0	0.0
9	0.0	0.994983	0.001672	0.003344
10	0.001672	0.003344	0.994983	0.0
11	0.0	0.0	0.0	1.0
12	0.0	0.036789	0.963211	0.0
13	0.040134	0.0	0.752508	0.207358
14	0.230769	0.719064	0.023411	0.026756
15	0.58194	0.167224	0.135452	0.115385
