Pos	A	C	G	T
1	0.338624	0.097002	0.312169	0.252205
2	0.329806	0.15873	0.229277	0.282187
3	0.144621	0.165785	0.114638	0.574956
4	0.074074	0.021164	0.881834	0.022928
5	0.57672	0.165785	0.215168	0.042328
6	0.005291	0.051146	0.003527	0.940035
7	0.0	0.0	0.964727	0.035273
8	0.998236	0.0	0.001764	0.0
9	0.0	0.989418	0.0	0.010582
10	0.0	0.005291	0.994709	0.0
11	0.0	0.0	0.0	1.0
12	0.03351	0.269841	0.691358	0.005291
13	0.232804	0.0	0.552028	0.215168
14	0.183422	0.647266	0.024691	0.144621
15	0.33157	0.343915	0.148148	0.176367
