Pos	A	C	G	T
1	0.31903	0.091418	0.287313	0.302239
2	0.294776	0.227612	0.227612	0.25
3	0.333955	0.151119	0.110075	0.404851
4	0.147388	0.119403	0.473881	0.259328
5	0.25	0.264925	0.283582	0.201493
6	0.315299	0.25	0.01306	0.421642
7	0.011194	0.5	0.395522	0.093284
8	0.998134	0.0	0.001866	0.0
9	0.0	0.934701	0.029851	0.035448
10	0.026119	0.018657	0.942164	0.01306
11	0.0	0.0	0.001866	0.998134
12	0.0	0.0	1.0	0.0
13	0.0	0.007463	0.727612	0.264925
14	0.23694	0.720149	0.003731	0.039179
15	0.498134	0.098881	0.223881	0.179104
