Pos	A	C	G	T
1	0.38	0.1	0.44	0.08
2	0.66	0.06	0.28	0.0
3	0.28	0.1	0.54	0.08
4	0.6	0.12	0.24	0.04
5	0.28	0.14	0.5	0.08
6	0.56	0.14	0.16	0.14
7	0.34	0.0	0.52	0.14
8	0.66	0.06	0.24	0.04
9	0.18	0.04	0.78	0.0
10	0.8	0.0	0.0	0.2
11	0.04	0.04	0.82	0.1
12	0.72	0.1	0.14	0.04
13	0.26	0.0	0.72	0.02
14	0.74	0.04	0.18	0.04
15	0.06	0.02	0.84	0.08
16	0.82	0.0	0.06	0.12
17	0.12	0.0	0.88	0.0
18	0.94	0.0	0.06	0.0
19	0.18	0.0	0.8	0.02
20	0.92	0.0	0.08	0.0
21	0.14	0.02	0.84	0.0
22	0.98	0.0	0.0	0.02
23	0.08	0.0	0.9	0.02
24	0.86	0.02	0.12	0.0
25	0.16	0.0	0.8	0.04
26	0.96	0.0	0.04	0.0
27	0.06	0.0	0.94	0.0
28	1.0	0.0	0.0	0.0
29	0.08	0.06	0.84	0.02
