Pos	A	C	G	T
1	0.09075	0.151832	0.089005	0.668412
2	0.0	0.102967	0.209424	0.687609
3	0.209424	0.059337	0.055846	0.675393
4	0.0	0.071553	0.010471	0.917976
5	0.101222	0.015707	0.027923	0.855148
6	0.036649	0.005236	0.0	0.958115
7	0.010471	0.0	0.076789	0.91274
8	0.001745	0.0	0.001745	0.99651
9	0.04363	0.012216	0.106457	0.837696
10	0.001745	0.0	0.005236	0.993019
11	0.0	0.167539	0.045375	0.787086
12	0.0	0.115183	0.054101	0.830716
13	0.0	0.109948	0.385689	0.504363
14	0.095986	0.080279	0.242583	0.581152
15	0.017452	0.324607	0.157068	0.500873
