Pos	A	C	G	T
1	0.322091	0.139966	0.310287	0.227656
2	0.342327	0.165261	0.435076	0.057336
3	0.035413	0.080944	0.0	0.883642
4	0.010118	0.080944	0.851602	0.057336
5	0.969646	0.001686	0.008432	0.020236
6	0.0	0.989882	0.0	0.010118
7	0.055649	0.001686	0.942664	0.0
8	0.0	0.005059	0.0	0.994941
9	0.065767	0.927487	0.0	0.006745
10	1.0	0.0	0.0	0.0
11	0.0	0.129848	0.337268	0.532884
12	0.037099	0.797639	0.089376	0.075885
13	0.504216	0.091062	0.205734	0.198988
14	0.236088	0.180438	0.151771	0.431703
15	0.18887	0.36425	0.121417	0.325464
