Pos	A	C	G	T
1	0.277129	0.113523	0.357262	0.252087
2	0.437396	0.158598	0.387312	0.016694
3	0.011686	0.028381	0.0	0.959933
4	0.001669	0.03172	0.923205	0.043406
5	1.0	0.0	0.0	0.0
6	0.0	0.96828	0.0	0.03172
7	0.055092	0.001669	0.943239	0.0
8	0.006678	0.0	0.0	0.993322
9	0.086811	0.913189	0.0	0.0
10	0.996661	0.0	0.003339	0.0
11	0.0	0.118531	0.372287	0.509182
12	0.025042	0.814691	0.06177	0.098497
13	0.520868	0.09182	0.168614	0.218698
14	0.277129	0.130217	0.156928	0.435726
15	0.228715	0.308848	0.111853	0.350584
