Pos	A	C	G	T
1	0.169154	0.636816	0.099502	0.094527
2	0.542289	0.00995	0.288557	0.159204
3	0.0	0.711443	0.034826	0.253731
4	0.189055	0.0199	0.761194	0.029851
5	0.139303	0.159204	0.039801	0.661692
6	0.059701	0.064677	0.577114	0.298507
7	0.298507	0.074627	0.144279	0.482587
8	0.273632	0.134328	0.154229	0.437811
9	0.303483	0.303483	0.074627	0.318408
10	0.054726	0.945274	0.0	0.0
11	0.960199	0.0	0.0199	0.0199
12	0.0	0.99005	0.0	0.00995
13	0.044776	0.0	0.955224	0.0
14	0.034826	0.014925	0.0	0.950249
15	0.0	0.0	0.9801	0.0199
16	0.144279	0.169154	0.393035	0.293532
17	0.19403	0.298507	0.169154	0.338308
