Pos	A	C	G	T
1	0.347899	0.132773	0.263866	0.255462
2	0.467227	0.134454	0.161345	0.236975
3	0.445378	0.072269	0.131092	0.351261
4	0.398319	0.142857	0.134454	0.32437
5	0.309244	0.231933	0.184874	0.27395
6	0.042017	0.141176	0.090756	0.72605
7	0.001681	0.0	0.952941	0.045378
8	0.292437	0.707563	0.0	0.0
9	0.0	1.0	0.0	0.0
10	0.998319	0.0	0.0	0.001681
11	0.0	1.0	0.0	0.0
12	0.0	0.0	1.0	0.0
13	0.0	0.0	0.0	1.0
14	0.033613	0.423529	0.542857	0.0
15	0.440336	0.0	0.154622	0.405042
16	0.072269	0.512605	0.17479	0.240336
17	0.218487	0.638655	0.048739	0.094118
18	0.472269	0.157983	0.067227	0.302521
