Pos	A	C	G	T
1	0.295455	0.125	0.304924	0.274621
2	0.397727	0.096591	0.195076	0.310606
3	0.270833	0.070076	0.123106	0.535985
4	0.060606	0.00947	0.801136	0.128788
5	0.289773	0.606061	0.102273	0.001894
6	0.005682	0.045455	0.001894	0.94697
7	0.0	0.0	0.907197	0.092803
8	1.0	0.0	0.0	0.0
9	0.0	0.984848	0.0	0.015152
10	0.007576	0.001894	0.99053	0.0
11	0.003788	0.001894	0.0	0.994318
12	0.0	0.0	1.0	0.0
13	0.0	0.0	0.804924	0.195076
14	0.234848	0.751894	0.001894	0.011364
15	0.621212	0.149621	0.13447	0.094697
