Pos	A	C	G	T
1	0.931373	0.0	0.068627	0.0
2	0.029412	0.0	0.970588	0.0
3	1.0	0.0	0.0	0.0
4	0.019608	0.0	0.960784	0.019608
5	0.980392	0.0	0.0	0.019608
6	0.009804	0.0	0.970588	0.019608
7	0.970588	0.0	0.0	0.029412
8	0.0	0.009804	0.980392	0.009804
9	0.970588	0.0	0.019608	0.009804
10	0.009804	0.009804	0.980392	0.0
11	1.0	0.0	0.0	0.0
12	0.0	0.0	1.0	0.0
13	1.0	0.0	0.0	0.0
14	0.039216	0.0	0.95098	0.009804
15	0.990196	0.0	0.009804	0.0
16	0.019608	0.0	0.980392	0.0
17	0.990196	0.0	0.009804	0.0
18	0.009804	0.009804	0.980392	0.0
19	0.960784	0.0	0.009804	0.029412
20	0.009804	0.009804	0.970588	0.009804
21	0.990196	0.0	0.009804	0.0
22	0.0	0.009804	0.990196	0.0
23	0.980392	0.0	0.0	0.019608
24	0.009804	0.009804	0.970588	0.009804
25	0.960784	0.0	0.029412	0.009804
26	0.009804	0.009804	0.970588	0.009804
27	0.960784	0.0	0.0	0.039216
28	0.0	0.039216	0.960784	0.0
29	0.980392	0.019608	0.0	0.0
30	0.04902	0.029412	0.892157	0.029412
