Pos	A	C	G	T
1	0.356784	0.150754	0.318258	0.174204
2	0.400335	0.103853	0.276382	0.21943
3	0.38861	0.184255	0.194305	0.232831
4	0.333333	0.150754	0.19933	0.316583
5	0.308208	0.093802	0.38191	0.21608
6	0.467337	0.107203	0.400335	0.025126
7	0.00335	0.008375	0.0	0.988275
8	0.0	0.0134	0.979899	0.0067
9	1.0	0.0	0.0	0.0
10	0.0	0.971524	0.001675	0.026801
11	0.041876	0.0	0.958124	0.0
12	0.0	0.0	0.0	1.0
13	0.132328	0.867672	0.0	0.0
14	0.98995	0.0	0.001675	0.008375
15	0.0	0.117253	0.386935	0.495812
16	0.115578	0.683417	0.100503	0.100503
17	0.463987	0.140704	0.207705	0.187605
