Pos	A	C	G	T
1	0.322993	0.118613	0.268248	0.290146
2	0.313869	0.19708	0.187956	0.301095
3	0.251825	0.164234	0.166058	0.417883
4	0.228102	0.071168	0.463504	0.237226
5	0.45438	0.125912	0.317518	0.10219
6	0.231752	0.144161	0.005474	0.618613
7	0.001825	0.330292	0.574818	0.093066
8	0.99635	0.0	0.00365	0.0
9	0.0	0.992701	0.0	0.007299
10	0.007299	0.0	0.992701	0.0
11	0.0	0.0	0.0	1.0
12	0.010949	0.0	0.989051	0.0
13	0.0	0.0	0.742701	0.257299
14	0.162409	0.786496	0.001825	0.04927
15	0.551095	0.076642	0.215328	0.156934
