Pos	A	C	G	T
1	0.109453	0.014925	0.820896	0.054726
2	0.771144	0.0199	0.099502	0.109453
3	0.064677	0.039801	0.0199	0.875622
4	0.004975	0.064677	0.880597	0.049751
5	0.935323	0.024876	0.014925	0.024876
6	0.129353	0.064677	0.0	0.80597
7	0.049751	0.014925	0.900498	0.034826
8	0.835821	0.059701	0.064677	0.039801
9	0.109453	0.074627	0.0	0.81592
10	0.059701	0.0	0.935323	0.004975
11	0.890547	0.0	0.044776	0.064677
12	0.034826	0.024876	0.094527	0.845771
13	0.029851	0.0	0.970149	0.0
14	0.975124	0.014925	0.00995	0.0
15	0.054726	0.049751	0.0199	0.875622
16	0.034826	0.024876	0.940299	0.0
17	0.920398	0.0	0.079602	0.0
18	0.0	0.029851	0.044776	0.925373
19	0.0199	0.049751	0.920398	0.00995
