Pos	A	C	G	T
1	0.854167	0.0	0.0625	0.083333
2	0.041667	0.0	0.0	0.958333
3	0.020833	0.041667	0.916667	0.020833
4	0.875	0.0	0.125	0.0
5	0.020833	0.083333	0.0	0.895833
6	0.0	0.166667	0.770833	0.0625
7	0.916667	0.0	0.083333	0.0
8	0.0	0.0	0.0	1.0
9	0.020833	0.083333	0.770833	0.125
10	0.9375	0.0	0.0	0.0625
11	0.0	0.041667	0.125	0.833333
12	0.083333	0.1875	0.6875	0.041667
13	0.9375	0.0	0.041667	0.020833
14	0.020833	0.125	0.0	0.854167
15	0.125	0.104167	0.75	0.020833
16	0.895833	0.0625	0.041667	0.0
17	0.0	0.0	0.0	1.0
18	0.020833	0.208333	0.770833	0.0
19	0.9375	0.0	0.041667	0.020833
20	0.041667	0.0	0.020833	0.9375
21	0.0	0.083333	0.854167	0.0625
22	0.854167	0.0	0.083333	0.0625
23	0.104167	0.041667	0.083333	0.770833
24	0.0625	0.270833	0.666667	0.0
25	0.8125	0.0625	0.020833	0.104167
26	0.125	0.020833	0.020833	0.833333
27	0.0	0.020833	0.916667	0.0625
