Pos	A	C	G	T
1	0.101695	0.830508	0.033898	0.033898
2	0.0	0.983051	0.0	0.016949
3	0.0	0.118644	0.118644	0.762712
4	0.101695	0.220339	0.237288	0.440678
5	0.050847	0.779661	0.067797	0.101695
6	0.40678	0.576271	0.0	0.016949
7	0.0	0.779661	0.0	0.220339
8	0.016949	0.813559	0.016949	0.152542
9	0.779661	0.033898	0.169492	0.016949
10	0.118644	0.033898	0.762712	0.084746
11	0.508475	0.084746	0.169492	0.237288
12	0.152542	0.033898	0.0	0.813559
13	0.525424	0.118644	0.338983	0.016949
14	0.372881	0.305085	0.118644	0.20339
15	0.576271	0.169492	0.067797	0.186441
16	0.559322	0.322034	0.118644	0.0
17	0.118644	0.847458	0.0	0.033898
18	0.016949	0.694915	0.0	0.288136
19	0.084746	0.237288	0.135593	0.542373
