Pos	A	C	G	T
1	0.222772	0.262376	0.069307	0.445545
2	0.133663	0.450495	0.074257	0.341584
3	0.386139	0.232673	0.039604	0.341584
4	0.311881	0.272277	0.079208	0.336634
5	0.089109	0.391089	0.069307	0.450495
6	0.237624	0.316832	0.094059	0.351485
7	0.044554	0.0	0.0	0.955446
8	0.0	1.0	0.0	0.0
9	0.990099	0.0	0.0	0.009901
10	0.009901	0.990099	0.0	0.0
11	0.0	0.0	0.0	1.0
12	0.069307	0.648515	0.108911	0.173267
13	0.207921	0.217822	0.049505	0.524752
14	0.292079	0.386139	0.064356	0.257426
15	0.311881	0.321782	0.079208	0.287129
