Pos	A	C	G	T
1	0.296233	0.313356	0.075342	0.315068
2	0.089041	0.22774	0.078767	0.604452
3	0.063356	0.618151	0.101027	0.217466
4	0.912671	0.018836	0.066781	0.001712
5	0.0	0.0	1.0	0.0
6	1.0	0.0	0.0	0.0
7	0.0	0.0	0.0	1.0
8	0.0	0.958904	0.0	0.041096
9	0.0	0.273973	0.006849	0.719178
10	0.530822	0.034247	0.434932	0.0
11	0.351027	0.059932	0.455479	0.133562
12	0.621575	0.07363	0.049658	0.255137
13	0.186644	0.135274	0.075342	0.60274
14	0.159247	0.373288	0.118151	0.349315
15	0.181507	0.287671	0.068493	0.462329
