Pos	A	C	G	T
1	0.895447	0.028668	0.045531	0.030354
2	0.293423	0.008432	0.021922	0.676223
3	0.008432	0.676223	0.001686	0.313659
4	0.021922	0.549747	0.32715	0.10118
5	0.666105	0.0	0.291737	0.042159
6	0.994941	0.0	0.0	0.005059
7	0.01855	0.978078	0.0	0.003373
8	0.005059	0.0	0.993255	0.001686
9	0.01855	0.008432	0.971332	0.001686
10	0.020236	0.431703	0.0	0.548061
11	0.003373	0.332209	0.086003	0.578415
12	0.296796	0.247892	0.41484	0.040472
13	0.640809	0.057336	0.146712	0.155143
14	0.123103	0.042159	0.699831	0.134907
15	0.919056	0.011804	0.055649	0.013491
