Pos	A	C	G	T
1	0.328257	0.103215	0.121827	0.446701
2	0.253807	0.103215	0.120135	0.522843
3	0.142132	0.059222	0.040609	0.758037
4	0.010152	0.038917	0.025381	0.92555
5	0.0	0.011844	0.005076	0.98308
6	0.0	0.010152	0.0	0.989848
7	0.0	0.0	1.0	0.0
8	0.001692	0.0	0.01692	0.981387
9	0.0	0.972927	0.0	0.027073
10	0.043993	0.13198	0.509306	0.314721
11	0.006768	0.027073	0.071066	0.895093
12	0.023689	0.13198	0.049069	0.795262
13	0.137056	0.0	0.0	0.862944
14	0.248731	0.023689	0.0	0.72758
15	0.071066	0.409475	0.423012	0.096447
16	0.028765	0.236887	0.00846	0.725888
17	0.174281	0.071066	0.394247	0.360406
