Pos	A	C	G	T
1	0.02947	0.058939	0.003929	0.907662
2	0.011788	0.943026	0.035363	0.009823
3	0.97053	0.003929	0.007859	0.017682
4	0.021611	0.037328	0.0	0.941061
5	0.007859	0.950884	0.023576	0.017682
6	0.958743	0.015717	0.005894	0.019646
7	0.003929	0.013752	0.0	0.982318
8	0.0	0.998035	0.0	0.001965
9	0.946955	0.0	0.041257	0.011788
10	0.023576	0.045187	0.013752	0.917485
11	0.02554	0.943026	0.013752	0.017682
12	0.962672	0.005894	0.0	0.031434
13	0.009823	0.007859	0.0	0.982318
14	0.017682	0.982318	0.0	0.0
15	0.840864	0.041257	0.051081	0.066798
