Pos	A	C	G	T
1	0.961538	0.0	0.038462	0.0
2	1.0	0.0	0.0	0.0
3	0.0	1.0	0.0	0.0
4	0.0	0.782051	0.0	0.217949
5	0.794872	0.0	0.205128	0.0
6	0.0	0.192308	0.025641	0.782051
7	0.217949	0.0	0.782051	0.0
8	0.051282	0.0	0.948718	0.0
9	0.0	0.012821	0.0	0.987179
10	0.0	0.025641	0.0	0.974359
11	0.987179	0.012821	0.0	0.0
12	0.807692	0.025641	0.166667	0.0
13	0.487179	0.115385	0.205128	0.192308
14	0.423077	0.038462	0.076923	0.461538
15	0.115385	0.294872	0.064103	0.525641
16	0.282051	0.051282	0.102564	0.564103
17	0.192308	0.025641	0.128205	0.653846
18	0.589744	0.128205	0.089744	0.192308
19	0.628205	0.076923	0.089744	0.205128
20	0.217949	0.525641	0.089744	0.166667
21	0.307692	0.487179	0.051282	0.153846
