Pos	A	C	G	T
1	0.052101	0.939496	0.0	0.008403
2	0.0	0.919328	0.0	0.080672
3	0.389916	0.366387	0.12605	0.117647
4	0.766387	0.016807	0.097479	0.119328
5	0.942857	0.0	0.003361	0.053782
6	0.729412	0.0	0.0	0.270588
7	0.769748	0.085714	0.053782	0.090756
8	0.363025	0.161345	0.238655	0.236975
9	0.072269	0.0	0.927731	0.0
10	0.0	0.0	1.0	0.0
11	0.638655	0.12605	0.001681	0.233613
12	0.931092	0.031933	0.0	0.036975
13	0.912605	0.008403	0.033613	0.045378
14	0.270588	0.152941	0.384874	0.191597
15	0.351261	0.084034	0.10084	0.463866
