Pos	A	C	G	T
1	0.661605	0.067245	0.236443	0.034707
2	0.010846	0.0	0.986985	0.002169
3	0.986985	0.0	0.013015	0.0
4	0.939262	0.004338	0.02603	0.030369
5	0.123644	0.199566	0.587852	0.088937
6	0.210412	0.420824	0.203905	0.164859
7	0.123644	0.032538	0.010846	0.832972
8	0.039046	0.0	0.010846	0.950108
9	0.002169	0.965293	0.032538	0.0
10	0.047722	0.084599	0.013015	0.854664
11	0.852495	0.039046	0.10846	0.0
12	0.002169	0.006508	0.980477	0.010846
13	0.978308	0.006508	0.006508	0.008677
14	0.774403	0.030369	0.086768	0.10846
15	0.190889	0.190889	0.422993	0.195228
