Pos	A	C	G	T
1	0.302013	0.208054	0.102349	0.387584
2	0.130872	0.434564	0.125839	0.308725
3	0.362416	0.119128	0.357383	0.161074
4	0.100671	0.192953	0.045302	0.661074
5	0.001678	0.911074	0.028523	0.058725
6	0.167785	0.0	0.832215	0.0
7	0.041946	0.756711	0.114094	0.087248
8	0.0	1.0	0.0	0.0
9	0.0	0.0	1.0	0.0
10	0.0	0.0	0.998322	0.001678
11	0.634228	0.206376	0.015101	0.144295
12	0.387584	0.005034	0.595638	0.011745
13	0.614094	0.075503	0.104027	0.206376
14	0.377517	0.16443	0.135906	0.322148
15	0.322148	0.119128	0.255034	0.303691
