Pos	A	C	G	T
1	0.315254	0.216949	0.105085	0.362712
2	0.130508	0.471186	0.084746	0.313559
3	0.318644	0.159322	0.325424	0.19661
4	0.094915	0.194915	0.038983	0.671186
5	0.0	0.910169	0.013559	0.076271
6	0.186441	0.0	0.813559	0.0
7	0.016949	0.849153	0.084746	0.049153
8	0.0	1.0	0.0	0.0
9	0.0	0.0	1.0	0.0
10	0.001695	0.0	0.998305	0.0
11	0.713559	0.174576	0.011864	0.1
12	0.349153	0.023729	0.615254	0.011864
13	0.571186	0.079661	0.116949	0.232203
14	0.350847	0.177966	0.094915	0.376271
15	0.325424	0.120339	0.255932	0.298305
