Pos	A	C	G	T
1	0.28	0.083333	0.126667	0.51
2	0.211667	0.178333	0.183333	0.426667
3	0.245	0.273333	0.478333	0.003333
4	0.003333	0.001667	0.99	0.005
5	0.843333	0.051667	0.015	0.09
6	0.993333	0.005	0.001667	0.0
7	0.006667	0.0	0.001667	0.991667
8	0.883333	0.116667	0.0	0.0
9	0.005	0.0	0.001667	0.993333
10	0.08	0.021667	0.066667	0.831667
11	0.026667	0.883333	0.006667	0.083333
12	0.051667	0.316667	0.076667	0.555
13	0.143333	0.188333	0.116667	0.551667
14	0.098333	0.133333	0.11	0.658333
15	0.228333	0.165	0.133333	0.473333
