Pos	A	C	G	T
1	0.056667	0.65	0.271667	0.021667
2	0.005	0.995	0.0	0.0
3	0.006667	0.0	0.928333	0.065
4	0.853333	0.011667	0.078333	0.056667
5	0.473333	0.151667	0.165	0.21
6	0.796667	0.028333	0.111667	0.063333
7	0.878333	0.006667	0.04	0.075
8	0.518333	0.061667	0.071667	0.348333
9	0.381667	0.135	0.183333	0.3
10	0.125	0.128333	0.078333	0.668333
11	0.096667	0.896667	0.003333	0.003333
12	0.0	0.0	0.988333	0.011667
13	0.011667	0.183333	0.76	0.045
14	0.551667	0.096667	0.148333	0.203333
15	0.288333	0.128333	0.37	0.213333
