Pos	A	C	G	T
1	0.747368	0.157895	0.042105	0.052632
2	0.778947	0.031579	0.042105	0.147368
3	0.052632	0.884211	0.010526	0.052632
4	0.073684	0.8	0.021053	0.105263
5	0.168421	0.042105	0.736842	0.052632
6	0.073684	0.2	0.031579	0.694737
7	0.968421	0.010526	0.0	0.021053
8	0.947368	0.052632	0.0	0.0
9	0.0	0.873684	0.042105	0.084211
10	0.084211	0.789474	0.0	0.126316
11	0.0	0.231579	0.726316	0.042105
12	0.031579	0.052632	0.178947	0.736842
13	0.778947	0.021053	0.031579	0.168421
14	0.252632	0.010526	0.073684	0.663158
15	0.273684	0.463158	0.0	0.263158
16	0.484211	0.157895	0.010526	0.347368
17	0.642105	0.052632	0.0	0.305263
18	0.757895	0.189474	0.010526	0.042105
19	0.4	0.452632	0.042105	0.105263
20	0.294737	0.284211	0.357895	0.063158
