Pos	A	C	G	T
1	0.122449	0.341837	0.130952	0.404762
2	0.090136	0.484694	0.035714	0.389456
3	0.008503	0.77551	0.0	0.215986
4	1.0	0.0	0.0	0.0
5	0.052721	0.945578	0.001701	0.0
6	0.0	1.0	0.0	0.0
7	0.576531	0.005102	0.0	0.418367
8	0.998299	0.0	0.0	0.001701
9	0.212585	0.787415	0.0	0.0
10	0.0	0.860544	0.0	0.139456
11	0.505102	0.256803	0.090136	0.147959
12	0.27381	0.333333	0.066327	0.326531
13	0.357143	0.246599	0.120748	0.27551
14	0.306122	0.243197	0.168367	0.282313
15	0.282313	0.27551	0.144558	0.297619
16	0.306122	0.312925	0.105442	0.27551
17	0.311224	0.263605	0.139456	0.285714
18	0.258503	0.295918	0.136054	0.309524
