Pos	A	C	G	T
1	0.105983	0.364103	0.083761	0.446154
2	0.073504	0.418803	0.063248	0.444444
3	0.005128	0.690598	0.020513	0.283761
4	0.996581	0.0	0.003419	0.0
5	0.011966	0.984615	0.003419	0.0
6	0.0	1.0	0.0	0.0
7	0.297436	0.0	0.001709	0.700855
8	0.998291	0.0	0.0	0.001709
9	0.288889	0.699145	0.0	0.011966
10	0.023932	0.777778	0.001709	0.196581
11	0.420513	0.288889	0.032479	0.25812
12	0.34359	0.367521	0.035897	0.252991
13	0.362393	0.246154	0.100855	0.290598
14	0.353846	0.251282	0.121368	0.273504
15	0.282051	0.263248	0.135043	0.319658
16	0.360684	0.287179	0.099145	0.252991
