Pos	A	C	G	T
1	0.179078	0.544326	0.042553	0.234043
2	0.710993	0.129433	0.047872	0.111702
3	0.5	0.328014	0.031915	0.140071
4	0.0	0.755319	0.015957	0.228723
5	0.218085	0.260638	0.056738	0.464539
6	0.496454	0.278369	0.086879	0.138298
7	0.101064	0.792553	0.0	0.106383
8	0.021277	0.851064	0.003546	0.124113
9	1.0	0.0	0.0	0.0
10	0.746454	0.241135	0.003546	0.008865
11	0.0	1.0	0.0	0.0
12	0.184397	0.391844	0.033688	0.390071
13	0.725177	0.04078	0.152482	0.08156
14	0.25	0.54078	0.015957	0.193262
15	0.200355	0.484043	0.014184	0.301418
