Pos	A	C	G	T
1	0.154622	0.354622	0.082353	0.408403
2	0.168067	0.415126	0.127731	0.289076
3	0.0	0.603361	0.0	0.396639
4	0.996639	0.001681	0.0	0.001681
5	0.341176	0.658824	0.0	0.0
6	0.0	1.0	0.0	0.0
7	0.378151	0.221849	0.0	0.4
8	0.991597	0.0	0.008403	0.0
9	0.196639	0.803361	0.0	0.0
10	0.011765	0.863866	0.0	0.12437
11	0.478992	0.094118	0.210084	0.216807
12	0.253782	0.396639	0.12605	0.223529
13	0.310924	0.352941	0.090756	0.245378
14	0.317647	0.257143	0.157983	0.267227
15	0.253782	0.388235	0.097479	0.260504
