Pos	A	C	G	T
1	0.529313	0.122278	0.102178	0.246231
2	0.59129	0.046901	0.075377	0.286432
3	0.051926	0.517588	0.075377	0.355109
4	0.102178	0.785595	0.092127	0.020101
5	0.005025	0.00335	0.0	0.991625
6	0.005025	0.026801	0.0	0.968174
7	1.0	0.0	0.0	0.0
8	0.0	0.0	0.00335	0.99665
9	0.0	1.0	0.0	0.0
10	0.097152	0.586265	0.0067	0.309883
11	0.39531	0.083752	0.137353	0.383585
12	0.259631	0.356784	0.110553	0.273032
13	0.479062	0.053601	0.041876	0.425461
14	0.291457	0.170854	0.068677	0.469012
15	0.278057	0.298157	0.113903	0.309883
