Pos	A	C	G	T
1	0.613176	0.0	0.383446	0.003378
2	0.0	1.0	0.0	0.0
3	0.0	1.0	0.0	0.0
4	0.255068	0.006757	0.101351	0.636824
5	1.0	0.0	0.0	0.0
6	0.981419	0.018581	0.0	0.0
7	0.040541	0.64527	0.0	0.314189
8	0.136824	0.192568	0.003378	0.66723
9	0.234797	0.138514	0.130068	0.496622
10	0.368243	0.128378	0.128378	0.375
11	0.398649	0.202703	0.126689	0.271959
12	0.248311	0.369932	0.136824	0.244932
13	0.175676	0.435811	0.103041	0.285473
14	0.375	0.192568	0.170608	0.261824
15	0.510135	0.158784	0.116554	0.214527
