Pos	A	C	G	T
1	0.947368	0.0	0.013158	0.039474
2	0.947368	0.0	0.026316	0.026316
3	0.947368	0.0	0.0	0.052632
4	0.0	0.868421	0.026316	0.105263
5	0.078947	0.828947	0.026316	0.065789
6	0.0	0.855263	0.013158	0.131579
7	0.039474	0.013158	0.013158	0.934211
8	0.947368	0.0	0.0	0.052632
9	1.0	0.0	0.0	0.0
10	0.986842	0.0	0.0	0.013158
11	0.0	0.986842	0.013158	0.0
12	0.026316	0.973684	0.0	0.0
13	0.026316	0.934211	0.039474	0.0
14	0.026316	0.0	0.039474	0.934211
15	0.960526	0.0	0.013158	0.026316
16	0.894737	0.078947	0.0	0.026316
17	0.960526	0.0	0.026316	0.013158
18	0.013158	0.907895	0.0	0.078947
19	0.092105	0.815789	0.026316	0.065789
20	0.092105	0.802632	0.026316	0.078947
