Pos	A	C	G	T
1	0.36745	0.124161	0.275168	0.233221
2	0.243289	0.087248	0.536913	0.13255
3	0.550336	0.135906	0.125839	0.187919
4	0.979866	0.0	0.0	0.020134
5	0.0	0.0	0.419463	0.580537
6	1.0	0.0	0.0	0.0
7	0.008389	0.0	0.0	0.991611
8	0.04698	0.008389	0.110738	0.833893
9	0.001678	0.998322	0.0	0.0
10	0.001678	0.318792	0.241611	0.437919
11	0.290268	0.17953	0.161074	0.369128
12	0.268456	0.181208	0.095638	0.454698
13	0.239933	0.134228	0.16443	0.461409
14	0.270134	0.15604	0.208054	0.365772
15	0.224832	0.22651	0.169463	0.379195
