Pos	A	C	G	T
1	0.166107	0.447987	0.134228	0.251678
2	0.008389	0.765101	0.008389	0.218121
3	1.0	0.0	0.0	0.0
4	0.244966	0.751678	0.003356	0.0
5	0.0	0.998322	0.0	0.001678
6	0.682886	0.031879	0.003356	0.281879
7	0.988255	0.001678	0.010067	0.0
8	0.327181	0.672819	0.0	0.0
9	0.067114	0.788591	0.0	0.144295
10	0.389262	0.115772	0.218121	0.276846
11	0.169463	0.389262	0.147651	0.293624
12	0.328859	0.229866	0.107383	0.333893
13	0.377517	0.199664	0.151007	0.271812
14	0.211409	0.397651	0.166107	0.224832
15	0.355705	0.241611	0.161074	0.241611
