Pos	A	C	G	T
1	0.070053	0.43958	0.077058	0.41331
2	0.134851	0.367776	0.061296	0.436077
3	0.101576	0.609457	0.010508	0.278459
4	0.996497	0.0	0.0	0.003503
5	0.129597	0.870403	0.0	0.0
6	0.0	1.0	0.0	0.0
7	0.241681	0.04028	0.0	0.718039
8	1.0	0.0	0.0	0.0
9	0.127846	0.865149	0.005254	0.001751
10	0.001751	0.805604	0.0	0.192644
11	0.544658	0.117338	0.022767	0.315236
12	0.420315	0.246935	0.057793	0.274956
13	0.304729	0.336252	0.096322	0.262697
14	0.315236	0.227671	0.101576	0.355517
15	0.292469	0.210158	0.098074	0.399299
