Pos	A	C	G	T
1	0.29798	0.254209	0.170034	0.277778
2	0.271044	0.301347	0.190236	0.237374
3	0.205387	0.36532	0.146465	0.282828
4	0.360269	0.292929	0.099327	0.247475
5	0.138047	0.511785	0.159933	0.190236
6	0.794613	0.186869	0.018519	0.0
7	0.035354	0.917508	0.047138	0.0
8	0.0	0.0	1.0	0.0
9	0.0	1.0	0.0	0.0
10	0.0	0.0	0.506734	0.493266
11	0.0	0.989899	0.0	0.010101
12	0.008418	0.811448	0.008418	0.171717
13	0.26936	0.102694	0.205387	0.422559
14	0.16835	0.498316	0.117845	0.215488
15	0.181818	0.464646	0.102694	0.250842
