Pos	A	C	G	T
1	0.375626	0.198664	0.086811	0.338898
2	0.317195	0.203673	0.111853	0.367279
3	0.462437	0.12187	0.105175	0.310518
4	0.48414	0.075125	0.153589	0.287145
5	0.126878	0.475793	0.080134	0.317195
6	0.227045	0.500835	0.095159	0.176962
7	0.018364	0.073456	0.0	0.90818
8	0.018364	0.010017	0.025042	0.946578
9	1.0	0.0	0.0	0.0
10	0.0	0.0	0.0	1.0
11	0.0	1.0	0.0	0.0
12	0.0	0.8798	0.0	0.1202
13	0.736227	0.006678	0.123539	0.133556
14	0.357262	0.210351	0.046745	0.385643
15	0.509182	0.026711	0.015025	0.449082
