Pos	A	C	G	T
1	0.45583	0.136042	0.171378	0.236749
2	0.540636	0.114841	0.114841	0.229682
3	0.59894	0.037102	0.084806	0.279152
4	0.551237	0.038869	0.033569	0.376325
5	0.358657	0.09894	0.070671	0.471731
6	0.35159	0.139576	0.224382	0.284452
7	0.072438	0.10424	0.088339	0.734982
8	0.34629	0.0	0.39576	0.257951
9	0.687279	0.007067	0.272085	0.033569
10	0.035336	0.964664	0.0	0.0
11	0.0	1.0	0.0	0.0
12	0.0	0.0	1.0	0.0
13	0.0	0.003534	0.0	0.996466
14	0.007067	0.0	0.0	0.992933
15	0.420495	0.0	0.514134	0.065371
