Pos	A	C	G	T
1	0.167785	0.09396	0.634228	0.104027
2	0.036913	0.958054	0.0	0.005034
3	0.0	0.0	0.293624	0.706376
4	0.0	0.0	0.0	1.0
5	0.167785	0.248322	0.505034	0.078859
6	0.39094	0.149329	0.090604	0.369128
7	0.45302	0.072148	0.199664	0.275168
8	0.286913	0.176174	0.134228	0.402685
9	0.157718	0.218121	0.095638	0.528523
10	0.194631	0.147651	0.20302	0.454698
11	0.005034	0.422819	0.083893	0.488255
12	0.996644	0.003356	0.0	0.0
13	0.365772	0.634228	0.0	0.0
14	0.0	0.0	0.909396	0.090604
15	0.063758	0.426174	0.035235	0.474832
16	0.389262	0.15604	0.005034	0.449664
17	0.798658	0.0	0.005034	0.196309
