Pos	A	C	G	T
1	0.641667	0.145	0.141667	0.071667
2	0.556667	0.11	0.175	0.158333
3	0.541667	0.081667	0.313333	0.063333
4	0.063333	0.003333	0.908333	0.025
5	0.803333	0.081667	0.041667	0.073333
6	1.0	0.0	0.0	0.0
7	0.0	0.001667	0.098333	0.9
8	0.998333	0.001667	0.0	0.0
9	0.0	0.0	0.001667	0.998333
10	0.076667	0.023333	0.071667	0.828333
11	0.003333	0.995	0.001667	0.0
12	0.0	0.438333	0.256667	0.305
13	0.376667	0.203333	0.208333	0.211667
14	0.528333	0.101667	0.073333	0.296667
15	0.256667	0.126667	0.168333	0.448333
