Pos	A	C	G	T
1	0.023729	0.0	0.0	0.976271
2	0.140678	0.010169	0.137288	0.711864
3	0.272881	0.157627	0.39661	0.172881
4	0.0	1.0	0.0	0.0
5	0.0	0.025424	0.181356	0.79322
6	0.0	0.0	0.0	1.0
7	0.042373	0.298305	0.625424	0.033898
8	0.249153	0.189831	0.115254	0.445763
9	0.252542	0.167797	0.245763	0.333898
10	0.222034	0.369492	0.167797	0.240678
11	0.211864	0.308475	0.157627	0.322034
12	0.384746	0.108475	0.262712	0.244068
13	0.032203	0.710169	0.120339	0.137288
14	0.99661	0.0	0.00339	0.0
15	0.544068	0.416949	0.038983	0.0
16	0.0	0.0	0.99322	0.00678
