Pos	A	C	G	T
1	0.02	0.0	0.0	0.98
2	0.143333	0.008333	0.146667	0.701667
3	0.28	0.138333	0.333333	0.248333
4	0.0	1.0	0.0	0.0
5	0.0	0.0	0.258333	0.741667
6	0.0	0.0	0.0	1.0
7	0.05	0.171667	0.75	0.028333
8	0.2	0.193333	0.056667	0.55
9	0.243333	0.191667	0.228333	0.336667
10	0.236667	0.31	0.175	0.278333
11	0.266667	0.278333	0.14	0.315
12	0.545	0.05	0.201667	0.203333
13	0.0	0.828333	0.031667	0.14
14	1.0	0.0	0.0	0.0
15	0.431667	0.566667	0.0	0.001667
16	0.003333	0.001667	0.963333	0.031667
17	0.105	0.293333	0.073333	0.528333
18	0.401667	0.176667	0.0	0.421667
19	0.82	0.001667	0.0	0.178333
20	0.166667	0.423333	0.09	0.32
21	0.088333	0.61	0.118333	0.183333
