Pos	A	C	G	T
1	0.0	1.0	0.0	0.0
2	0.0	0.0	0.135906	0.864094
3	0.0	0.0	0.0	1.0
4	0.035235	0.315436	0.590604	0.058725
5	0.241611	0.192953	0.090604	0.474832
6	0.22651	0.20302	0.260067	0.310403
7	0.248322	0.332215	0.157718	0.261745
8	0.199664	0.317114	0.112416	0.370805
9	0.360738	0.098993	0.266779	0.27349
10	0.006711	0.733221	0.120805	0.139262
11	1.0	0.0	0.0	0.0
12	0.602349	0.397651	0.0	0.0
13	0.0	0.0	0.979866	0.020134
14	0.134228	0.308725	0.08557	0.471477
15	0.515101	0.154362	0.0	0.330537
16	0.848993	0.0	0.001678	0.149329
