Pos	A	C	G	T
1	0.244147	0.207358	0.0301	0.518395
2	0.356187	0.118729	0.147157	0.377926
3	0.120401	0.135452	0.471572	0.272575
4	0.076923	0.27592	0.16388	0.483278
5	0.065217	0.254181	0.055184	0.625418
6	0.038462	0.540134	0.102007	0.319398
7	0.983278	0.0	0.01505	0.001672
8	0.132107	0.852843	0.010033	0.005017
9	0.0	1.0	0.0	0.0
10	0.284281	0.013378	0.005017	0.697324
11	1.0	0.0	0.0	0.0
12	0.488294	0.5	0.0	0.011706
13	0.100334	0.523411	0.005017	0.371237
14	0.312709	0.051839	0.0	0.635452
15	0.317726	0.157191	0.061873	0.463211
