Pos	A	C	G	T
1	0.157983	0.152941	0.317647	0.371429
2	0.062185	0.242017	0.136134	0.559664
3	0.10084	0.297479	0.063866	0.537815
4	0.062185	0.470588	0.065546	0.401681
5	0.998319	0.0	0.0	0.001681
6	0.228571	0.771429	0.0	0.0
7	0.0	1.0	0.0	0.0
8	0.211765	0.008403	0.005042	0.77479
9	1.0	0.0	0.0	0.0
10	0.626891	0.371429	0.0	0.001681
11	0.080672	0.391597	0.008403	0.519328
12	0.216807	0.068908	0.006723	0.707563
13	0.294118	0.194958	0.028571	0.482353
14	0.226891	0.154622	0.168067	0.45042
15	0.257143	0.196639	0.139496	0.406723
