Pos	A	C	G	T
1	0.341379	0.225862	0.108621	0.324138
2	0.322414	0.186207	0.091379	0.4
3	0.52931	0.112069	0.094828	0.263793
4	0.553448	0.07069	0.106897	0.268966
5	0.101724	0.446552	0.062069	0.389655
6	0.101724	0.763793	0.091379	0.043103
7	0.001724	0.001724	0.0	0.996552
8	0.001724	0.0	0.0	0.998276
9	1.0	0.0	0.0	0.0
10	0.0	0.0	0.0	1.0
11	0.008621	0.991379	0.0	0.0
12	0.053448	0.539655	0.012069	0.394828
13	0.444828	0.098276	0.081034	0.375862
14	0.32069	0.244828	0.112069	0.322414
15	0.486207	0.043103	0.046552	0.424138
