Pos	A	C	G	T
1	0.9375	0.0	0.0	0.0625
2	0.916667	0.0	0.0	0.083333
3	0.979167	0.0	0.0	0.020833
4	0.0	0.916667	0.020833	0.0625
5	0.104167	0.8125	0.041667	0.041667
6	0.041667	0.75	0.104167	0.104167
7	0.0	0.0	0.0	1.0
8	0.979167	0.0	0.0	0.020833
9	0.979167	0.0	0.020833	0.0
10	1.0	0.0	0.0	0.0
11	0.0	0.895833	0.0	0.104167
12	0.083333	0.895833	0.0	0.020833
13	0.0	0.979167	0.020833	0.0
14	0.020833	0.0	0.0	0.979167
15	0.979167	0.0	0.0	0.020833
16	0.895833	0.041667	0.0	0.0625
17	0.958333	0.0	0.041667	0.0
18	0.0	0.895833	0.020833	0.083333
19	0.166667	0.8125	0.0	0.020833
20	0.0625	0.9375	0.0	0.0
21	0.041667	0.020833	0.0	0.9375
22	0.979167	0.0	0.0	0.020833
23	0.916667	0.0	0.0	0.083333
