Pos	A	C	G	T
1	0.282137	0.230384	0.098497	0.388982
2	0.373957	0.166945	0.1202	0.338898
3	0.33389	0.155259	0.093489	0.417362
4	0.494157	0.108514	0.09182	0.305509
5	0.560935	0.071786	0.100167	0.267112
6	0.080134	0.512521	0.076795	0.330551
7	0.213689	0.547579	0.106845	0.131886
8	0.03005	0.028381	0.0	0.941569
9	0.020033	0.0	0.003339	0.976628
10	1.0	0.0	0.0	0.0
11	0.0	0.0	0.0	1.0
12	0.0	1.0	0.0	0.0
13	0.001669	0.789649	0.003339	0.205342
14	0.682805	0.016694	0.09015	0.210351
15	0.337229	0.173623	0.038397	0.450751
16	0.500835	0.033389	0.033389	0.432387
