Pos	A	C	G	T
1	0.016807	0.0	0.0	0.983193
2	0.154622	0.003361	0.121008	0.721008
3	0.252101	0.139496	0.408403	0.2
4	0.001681	0.998319	0.0	0.0
5	0.0	0.011765	0.157983	0.830252
6	0.0	0.0	0.0	1.0
7	0.036975	0.29916	0.608403	0.055462
8	0.257143	0.194958	0.089076	0.458824
9	0.253782	0.186555	0.240336	0.319328
10	0.236975	0.329412	0.186555	0.247059
11	0.230252	0.307563	0.139496	0.322689
12	0.384874	0.121008	0.238655	0.255462
13	0.016807	0.734454	0.092437	0.156303
14	0.998319	0.0	0.001681	0.0
15	0.537815	0.433613	0.028571	0.0
16	0.0	0.0	0.996639	0.003361
