Pos	A	C	G	T
1	0.006757	0.993243	0.0	0.0
2	0.0	0.004505	0.18018	0.815315
3	0.0	0.0	0.0	1.0
4	0.029279	0.085586	0.844595	0.040541
5	0.117117	0.328829	0.083333	0.470721
6	0.096847	0.182432	0.15991	0.560811
7	0.189189	0.511261	0.094595	0.204955
8	0.184685	0.288288	0.218468	0.308559
9	0.213964	0.349099	0.263514	0.173423
10	0.0	0.995495	0.0	0.004505
11	1.0	0.0	0.0	0.0
12	0.79955	0.20045	0.0	0.0
13	0.0	0.0	1.0	0.0
14	0.157658	0.22973	0.20045	0.412162
15	0.554054	0.189189	0.004505	0.252252
16	0.788288	0.006757	0.024775	0.18018
17	0.333333	0.265766	0.065315	0.335586
