Pos	A	C	G	T
1	0.076667	0.006667	0.0	0.916667
2	0.195	0.041667	0.103333	0.66
3	0.268333	0.141667	0.445	0.145
4	0.033333	0.963333	0.003333	0.0
5	0.0	0.001667	0.285	0.713333
6	0.0	0.0	0.01	0.99
7	0.193333	0.211667	0.53	0.065
8	0.388333	0.158333	0.1	0.353333
9	0.385	0.09	0.25	0.275
10	0.283333	0.236667	0.156667	0.323333
11	0.2	0.261667	0.103333	0.435
12	0.298333	0.14	0.208333	0.353333
13	0.006667	0.536667	0.056667	0.4
14	1.0	0.0	0.0	0.0
15	0.303333	0.696667	0.0	0.0
16	0.015	0.0	0.898333	0.086667
17	0.035	0.48	0.023333	0.461667
18	0.411667	0.161667	0.011667	0.415
19	0.835	0.005	0.005	0.155
20	0.13	0.523333	0.068333	0.278333
21	0.165	0.553333	0.111667	0.17
