Pos	A	C	G	T
1	0.510851	0.103506	0.086811	0.298831
2	0.51419	0.058431	0.118531	0.308848
3	0.148581	0.318865	0.09182	0.440735
4	0.15192	0.517529	0.078464	0.252087
5	0.056761	0.088481	0.0	0.854758
6	0.025042	0.015025	0.026711	0.933222
7	1.0	0.0	0.0	0.0
8	0.0	0.0	0.0	1.0
9	0.0	1.0	0.0	0.0
10	0.0	0.839733	0.0	0.160267
11	0.702838	0.010017	0.096828	0.190317
12	0.470785	0.186978	0.050083	0.292154
13	0.619366	0.016694	0.016694	0.347245
14	0.427379	0.113523	0.03005	0.429048
15	0.27212	0.248748	0.136895	0.342237
