Pos	A	C	G	T
1	0.075125	0.021703	0.015025	0.888147
2	0.191987	0.020033	0.202003	0.585977
3	0.318865	0.233723	0.27379	0.173623
4	0.010017	0.989983	0.0	0.0
5	0.0	0.003339	0.15025	0.846411
6	0.0	0.0	0.0	1.0
7	0.021703	0.110184	0.821369	0.046745
8	0.075125	0.330551	0.066778	0.527546
9	0.116861	0.191987	0.116861	0.57429
10	0.153589	0.437396	0.18197	0.227045
11	0.178631	0.350584	0.188648	0.282137
12	0.200334	0.325543	0.252087	0.222037
13	0.0	0.976628	0.0	0.023372
14	1.0	0.0	0.0	0.0
15	0.779633	0.220367	0.0	0.0
16	0.001669	0.0	0.998331	0.0
