Pos	A	C	G	T
1	0.027778	0.0	0.972222	0.0
2	0.0	0.0	1.0	0.0
3	0.0	0.0	0.0	1.0
4	0.0	0.0	0.0	1.0
5	0.944444	0.0	0.0	0.055556
6	0.0	0.0	1.0	0.0
7	0.0	0.0	0.0	1.0
8	0.0	0.0	0.972222	0.027778
9	0.0	0.0	0.0	1.0
10	0.0	0.0	0.0	1.0
11	0.0	0.0	0.0	1.0
12	0.0	0.027778	0.0	0.972222
13	0.083333	0.027778	0.888889	0.0
14	0.055556	0.0	0.944444	0.0
15	1.0	0.0	0.0	0.0
16	0.0	0.0	1.0	0.0
17	0.0	0.0	0.0	1.0
18	0.027778	0.944444	0.027778	0.0
19	0.083333	0.0	0.916667	0.0
20	1.0	0.0	0.0	0.0
21	0.972222	0.0	0.027778	0.0
22	0.0	0.0	0.0	1.0
23	1.0	0.0	0.0	0.0
24	0.0	0.0	0.0	1.0
25	0.027778	0.0	0.972222	0.0
26	1.0	0.0	0.0	0.0
27	0.0	1.0	0.0	0.0
28	0.0	0.0	0.0	1.0
29	0.0	0.0	0.0	1.0
30	0.0	0.0	0.972222	0.027778
