Pos	A	C	G	T
1	0.005051	0.994949	0.0	0.0
2	0.0	0.003367	0.13468	0.861953
3	0.0	0.003367	0.0	0.996633
4	0.045455	0.508418	0.338384	0.107744
5	0.414141	0.132997	0.102694	0.350168
6	0.228956	0.227273	0.126263	0.417508
7	0.183502	0.380471	0.13468	0.301347
8	0.116162	0.309764	0.124579	0.449495
9	0.149832	0.190236	0.122896	0.537037
10	0.02862	0.740741	0.146465	0.084175
11	1.0	0.0	0.0	0.0
12	0.632997	0.367003	0.0	0.0
13	0.001684	0.0	0.968013	0.030303
14	0.089226	0.340067	0.065657	0.505051
15	0.707071	0.084175	0.0	0.208754
