Pos	A	C	G	T
1	0.031773	0.0	0.0	0.968227
2	0.122074	0.0	0.128763	0.749164
3	0.232441	0.056856	0.115385	0.595318
4	0.0	0.998328	0.0	0.001672
5	0.001672	0.001672	0.080268	0.916388
6	0.0	0.0	0.0	1.0
7	0.023411	0.0	0.976589	0.0
8	0.214047	0.222408	0.277592	0.285953
9	0.341137	0.132107	0.394649	0.132107
10	0.210702	0.245819	0.386288	0.157191
11	0.595318	0.165552	0.172241	0.06689
12	0.66388	0.025084	0.265886	0.045151
13	0.018395	0.811037	0.117057	0.053512
14	1.0	0.0	0.0	0.0
15	0.842809	0.155518	0.0	0.001672
16	0.0	0.0	0.988294	0.011706
17	0.362876	0.148829	0.080268	0.408027
