Pos	A	C	G	T
1	0.447059	0.109244	0.117647	0.32605
2	0.341176	0.129412	0.164706	0.364706
3	0.29916	0.089076	0.183193	0.428571
4	0.010084	0.181513	0.001681	0.806723
5	0.065546	0.0	0.934454	0.0
6	0.329412	0.17479	0.339496	0.156303
7	0.0	1.0	0.0	0.0
8	0.0	0.443697	0.040336	0.515966
9	0.018487	0.389916	0.021849	0.569748
10	0.010084	0.080672	0.0	0.909244
11	0.038655	0.015126	0.0	0.946218
12	0.09916	0.472269	0.322689	0.105882
13	0.4	0.112605	0.415126	0.072269
14	0.305882	0.122689	0.351261	0.220168
15	0.346218	0.122689	0.280672	0.25042
