Pos	A	C	G	T
1	0.037037	0.0	0.0	0.962963
2	0.109428	0.0	0.117845	0.772727
3	0.208754	0.069024	0.13468	0.587542
4	0.0	1.0	0.0	0.0
5	0.0	0.003367	0.079125	0.917508
6	0.0	0.0	0.0	1.0
7	0.005051	0.0	0.994949	0.0
8	0.186869	0.237374	0.286195	0.289562
9	0.328283	0.136364	0.393939	0.141414
10	0.225589	0.247475	0.363636	0.1633
11	0.52862	0.188552	0.185185	0.097643
12	0.631313	0.031987	0.242424	0.094276
13	0.023569	0.771044	0.132997	0.072391
14	1.0	0.0	0.0	0.0
15	0.826599	0.171717	0.001684	0.0
16	0.0	0.0	0.993266	0.006734
