Pos	A	C	G	T
1	0.0	1.0	0.0	0.0
2	0.0	0.0	0.113523	0.886477
3	0.0	0.0	0.0	1.0
4	0.010017	0.013356	0.976628	0.0
5	0.133556	0.297162	0.155259	0.414023
6	0.298831	0.145242	0.385643	0.170284
7	0.315526	0.203673	0.143573	0.337229
8	0.292154	0.323873	0.083472	0.300501
9	0.492487	0.096828	0.307179	0.103506
10	0.001669	0.87813	0.046745	0.073456
11	1.0	0.0	0.0	0.0
12	0.736227	0.263773	0.0	0.0
13	0.0	0.0	1.0	0.0
14	0.100167	0.176962	0.163606	0.559265
15	0.42571	0.213689	0.0	0.360601
16	0.90818	0.0	0.0	0.09182
