Pos	A	C	G	T
1	0.028523	0.963087	0.008389	0.0
2	0.0	0.006711	0.157718	0.83557
3	0.003356	0.003356	0.0	0.993289
4	0.055369	0.478188	0.385906	0.080537
5	0.473154	0.139262	0.090604	0.29698
6	0.276846	0.20302	0.187919	0.332215
7	0.224832	0.34396	0.166107	0.265101
8	0.162752	0.265101	0.174497	0.397651
9	0.216443	0.216443	0.154362	0.412752
10	0.031879	0.67953	0.196309	0.092282
11	1.0	0.0	0.0	0.0
12	0.67953	0.32047	0.0	0.0
13	0.0	0.0	0.989933	0.010067
14	0.04698	0.380872	0.036913	0.535235
15	0.790268	0.038591	0.0	0.171141
