Pos	A	C	G	T
1	0.00335	0.984925	0.0	0.011725
2	0.005025	0.0	0.19933	0.795645
3	0.0	0.0067	0.001675	0.991625
4	0.134003	0.452261	0.38861	0.025126
5	0.319933	0.102178	0.040201	0.537688
6	0.179229	0.239531	0.18928	0.39196
7	0.18593	0.396985	0.217755	0.19933
8	0.244556	0.259631	0.125628	0.370184
9	0.422111	0.026801	0.046901	0.504188
10	0.020101	0.586265	0.118928	0.274707
11	0.984925	0.008375	0.0	0.0067
12	0.442211	0.557789	0.0	0.0
13	0.067002	0.0	0.837521	0.095477
14	0.080402	0.574539	0.053601	0.291457
15	0.251256	0.221106	0.00335	0.524288
