Pos	A	C	G	T
1	0.09375	0.009615	0.805288	0.091346
2	0.098558	0.038462	0.831731	0.03125
3	0.329327	0.185096	0.0	0.485577
4	0.084135	0.0	0.814904	0.100962
5	0.163462	0.084135	0.728365	0.024038
6	0.192308	0.259615	0.019231	0.528846
7	0.050481	0.019231	0.838942	0.091346
8	0.15625	0.028846	0.697115	0.117788
9	0.165865	0.206731	0.0	0.627404
10	0.050481	0.002404	0.90625	0.040865
11	0.120192	0.014423	0.848558	0.016827
12	0.247596	0.201923	0.0	0.550481
13	0.0	0.0	0.978365	0.021635
14	0.225962	0.007212	0.759615	0.007212
15	0.307692	0.161058	0.132212	0.399038
