Pos	A	C	G	T
1	0.055459	0.0	0.001733	0.942808
2	0.216638	0.012132	0.140381	0.630849
3	0.383016	0.149047	0.247834	0.220104
4	0.0	1.0	0.0	0.0
5	0.001733	0.001733	0.315425	0.681109
6	0.006932	0.0	0.003466	0.989601
7	0.149047	0.155979	0.670711	0.024263
8	0.190641	0.166378	0.079723	0.563258
9	0.225303	0.199307	0.22357	0.35182
10	0.249567	0.311958	0.185442	0.253033
11	0.289428	0.263432	0.164645	0.282496
12	0.577123	0.053726	0.202773	0.166378
13	0.0	0.740035	0.043328	0.216638
14	1.0	0.0	0.0	0.0
15	0.40208	0.59792	0.0	0.0
16	0.0	0.0	0.989601	0.010399
