Pos	A	C	G	T
1	0.735849	0.037736	0.075472	0.150943
2	0.566038	0.075472	0.207547	0.150943
3	0.188679	0.660377	0.056604	0.09434
4	0.320755	0.528302	0.150943	0.0
5	0.0	0.018868	0.0	0.981132
6	0.113208	0.188679	0.0	0.698113
7	0.981132	0.0	0.0	0.018868
8	0.0	0.0	0.0	1.0
9	0.0	0.981132	0.0	0.018868
10	0.018868	0.981132	0.0	0.0
11	0.773585	0.0	0.132075	0.09434
12	0.132075	0.132075	0.037736	0.698113
13	0.528302	0.037736	0.0	0.433962
14	0.339623	0.018868	0.056604	0.584906
15	0.283019	0.433962	0.075472	0.207547
16	0.075472	0.226415	0.113208	0.584906
17	0.207547	0.056604	0.169811	0.566038
18	0.45283	0.169811	0.245283	0.132075
19	0.207547	0.09434	0.339623	0.358491
