Pos	A	C	G	T
1	0.136667	0.0	0.863333	0.0
2	0.626667	0.105	0.051667	0.216667
3	0.0	0.998333	0.0	0.001667
4	0.001667	0.173333	0.448333	0.376667
5	0.123333	0.283333	0.175	0.418333
6	0.006667	0.013333	0.0	0.98
7	0.018333	0.046667	0.0	0.935
8	0.021667	0.743333	0.168333	0.066667
9	0.565	0.063333	0.371667	0.0
10	0.258333	0.093333	0.248333	0.4
11	0.181667	0.666667	0.028333	0.123333
12	0.01	0.0	0.006667	0.983333
13	0.056667	0.138333	0.015	0.79
14	0.018333	0.958333	0.001667	0.021667
15	0.015	0.756667	0.001667	0.226667
