Pos	A	C	G	T
1	0.017212	0.982788	0.0	0.0
2	0.0	0.0	0.406196	0.593804
3	0.0	0.0	0.0	1.0
4	0.091222	0.11704	0.781411	0.010327
5	0.144578	0.142857	0.046472	0.666093
6	0.216867	0.197935	0.253012	0.332186
7	0.2358	0.290878	0.180723	0.292599
8	0.246127	0.27883	0.148021	0.327022
9	0.535284	0.043029	0.179002	0.242685
10	0.005164	0.731497	0.024096	0.239243
11	1.0	0.0	0.0	0.0
12	0.318417	0.678141	0.0	0.003442
13	0.001721	0.0	0.981067	0.017212
14	0.063683	0.247849	0.118761	0.569707
15	0.351119	0.223752	0.0	0.425129
16	0.829604	0.001721	0.005164	0.163511
