Pos	A	C	G	T
1	0.036789	0.959866	0.0	0.003344
2	0.0	0.0	0.269231	0.730769
3	0.0	0.0	0.005017	0.994983
4	0.198997	0.20903	0.536789	0.055184
5	0.389632	0.19398	0.107023	0.309365
6	0.456522	0.071906	0.212375	0.259197
7	0.32107	0.175585	0.165552	0.337793
8	0.168896	0.26087	0.140468	0.429766
9	0.331104	0.153846	0.182274	0.332776
10	0.006689	0.531773	0.048495	0.413043
11	0.998328	0.001672	0.0	0.0
12	0.301003	0.698997	0.0	0.0
13	0.001672	0.0	0.924749	0.073579
14	0.050167	0.464883	0.031773	0.453177
15	0.441472	0.135452	0.006689	0.416388
16	0.792642	0.008361	0.0	0.198997
