Pos	A	C	G	T
1	0.118261	0.006957	0.090435	0.784348
2	0.297391	0.06087	0.175652	0.466087
3	0.010435	0.989565	0.0	0.0
4	0.0	0.0	0.29913	0.70087
5	0.0	0.0	0.0	1.0
6	0.073043	0.093913	0.770435	0.062609
7	0.153043	0.24	0.05913	0.547826
8	0.250435	0.187826	0.269565	0.292174
9	0.224348	0.281739	0.196522	0.297391
10	0.252174	0.28	0.133913	0.333913
11	0.551304	0.066087	0.168696	0.213913
12	0.0	0.709565	0.090435	0.2
13	0.996522	0.001739	0.001739	0.0
14	0.605217	0.393043	0.001739	0.0
15	0.0	0.003478	0.947826	0.048696
16	0.208696	0.217391	0.09913	0.474783
17	0.436522	0.172174	0.013913	0.377391
18	0.833043	0.003478	0.006957	0.156522
