Pos	A	C	G	T
1	0.028912	0.0	0.0	0.971088
2	0.110544	0.008503	0.02551	0.855442
3	0.127551	0.064626	0.722789	0.085034
4	0.006803	0.993197	0.0	0.0
5	0.0	0.0	0.180272	0.819728
6	0.0	0.0	0.001701	0.998299
7	0.147959	0.268707	0.477891	0.105442
8	0.335034	0.159864	0.102041	0.403061
9	0.312925	0.139456	0.20068	0.346939
10	0.219388	0.25	0.180272	0.35034
11	0.190476	0.234694	0.098639	0.47619
12	0.222789	0.156463	0.217687	0.403061
13	0.022109	0.493197	0.066327	0.418367
14	1.0	0.0	0.0	0.0
15	0.554422	0.445578	0.0	0.0
16	0.0	0.0	0.982993	0.017007
