Pos	A	C	G	T
1	0.291312	0.165247	0.378194	0.165247
2	0.030664	0.0	0.0	0.969336
3	0.093697	0.02385	0.030664	0.851789
4	0.144804	0.054514	0.741056	0.059625
5	0.006814	0.993186	0.0	0.0
6	0.0	0.0	0.190801	0.809199
7	0.0	0.0	0.005111	0.994889
8	0.13799	0.264055	0.502555	0.0954
9	0.310051	0.177172	0.129472	0.383305
10	0.333901	0.136286	0.194208	0.335605
11	0.211244	0.255537	0.18569	0.34753
12	0.172061	0.248722	0.115843	0.463373
13	0.224872	0.16184	0.211244	0.402044
14	0.034072	0.517888	0.07155	0.376491
15	1.0	0.0	0.0	0.0
16	0.592845	0.407155	0.0	0.0
17	0.0	0.0	0.988075	0.011925
