Pos	A	C	G	T
1	0.158904	0.241096	0.243836	0.356164
2	0.230137	0.254795	0.356164	0.158904
3	0.205479	0.394521	0.120548	0.279452
4	0.238356	0.252055	0.142466	0.367123
5	0.169863	0.191781	0.435616	0.20274
6	0.115068	0.536986	0.128767	0.219178
7	0.00274	0.010959	0.0	0.986301
8	0.0	0.0	1.0	0.0
9	0.0	0.991781	0.0	0.008219
10	0.0	0.013699	0.0	0.986301
11	0.008219	0.0	0.991781	0.0
12	0.128767	0.627397	0.112329	0.131507
13	0.273973	0.131507	0.117808	0.476712
14	0.263014	0.150685	0.323288	0.263014
15	0.254795	0.334247	0.153425	0.257534
