Pos	A	C	G	T
1	0.12	0.013333	0.153333	0.713333
2	0.253333	0.191667	0.371667	0.183333
3	0.0	1.0	0.0	0.0
4	0.0	0.0	0.263333	0.736667
5	0.0	0.0	0.0	1.0
6	0.061667	0.171667	0.76	0.006667
7	0.211667	0.173333	0.096667	0.518333
8	0.266667	0.161667	0.273333	0.298333
9	0.256667	0.341667	0.176667	0.225
10	0.236667	0.315	0.15	0.298333
11	0.486667	0.07	0.21	0.233333
12	0.005	0.843333	0.025	0.126667
13	1.0	0.0	0.0	0.0
14	0.461667	0.538333	0.0	0.0
15	0.0	0.0	0.963333	0.036667
16	0.066667	0.383333	0.073333	0.476667
17	0.456667	0.186667	0.011667	0.345
