Pos	A	C	G	T
1	0.458333	0.20614	0.116228	0.219298
2	0.47807	0.140351	0.129386	0.252193
3	0.379386	0.278509	0.142544	0.199561
4	0.190789	0.379386	0.160088	0.269737
5	0.629386	0.046053	0.006579	0.317982
6	0.95614	0.010965	0.010965	0.02193
7	0.916667	0.0	0.004386	0.078947
8	0.982456	0.013158	0.0	0.004386
9	0.013158	0.986842	0.0	0.0
10	0.0	0.991228	0.0	0.008772
11	0.383772	0.008772	0.563596	0.04386
12	0.089912	0.328947	0.486842	0.094298
13	0.388158	0.155702	0.116228	0.339912
14	0.502193	0.100877	0.076754	0.320175
