Pos	A	C	G	T
1	0.393277	0.092437	0.023529	0.490756
2	0.54958	0.05042	0.048739	0.351261
3	0.596639	0.07563	0.10084	0.226891
4	0.465546	0.142857	0.10084	0.290756
5	0.389916	0.171429	0.196639	0.242017
6	0.247059	0.30084	0.183193	0.268908
7	0.329412	0.168067	0.211765	0.290756
8	0.144538	0.052101	0.053782	0.74958
9	0.452101	0.035294	0.512605	0.0
10	0.988235	0.0	0.011765	0.0
11	0.0	0.0	0.0	1.0
12	0.0	0.0	0.0	1.0
13	1.0	0.0	0.0	0.0
14	0.573109	0.015126	0.411765	0.0
15	0.114286	0.252101	0.220168	0.413445
