Pos	A	C	G	T
1	0.142857	0.095238	0.761905	0.0
2	0.047619	0.02381	0.928571	0.0
3	0.047619	0.0	0.833333	0.119048
4	0.02381	0.02381	0.0	0.952381
5	0.047619	0.0	0.0	0.952381
6	0.02381	0.0	0.071429	0.904762
7	0.809524	0.0	0.0	0.190476
8	0.071429	0.0	0.928571	0.0
9	0.166667	0.0	0.666667	0.166667
10	0.071429	0.047619	0.833333	0.047619
11	0.071429	0.047619	0.02381	0.857143
12	0.119048	0.02381	0.047619	0.809524
13	0.0	0.0	0.0	1.0
14	0.952381	0.0	0.02381	0.02381
15	0.071429	0.02381	0.761905	0.142857
16	0.02381	0.047619	0.928571	0.0
17	0.119048	0.0	0.857143	0.02381
18	0.0	0.071429	0.0	0.928571
19	0.0	0.047619	0.0	0.952381
20	0.071429	0.02381	0.0	0.904762
21	0.952381	0.02381	0.0	0.02381
22	0.02381	0.0	0.97619	0.0
23	0.047619	0.02381	0.833333	0.095238
24	0.0	0.0	1.0	0.0
25	0.02381	0.02381	0.02381	0.928571
26	0.02381	0.0	0.0	0.97619
27	0.02381	0.0	0.0	0.97619
28	0.857143	0.0	0.071429	0.071429
29	0.166667	0.0	0.833333	0.0
