Pos	A	C	G	T
1	0.246377	0.34058	0.108696	0.304348
2	0.188406	0.144928	0.304348	0.362319
3	0.282609	0.050725	0.413043	0.253623
4	0.289855	0.217391	0.101449	0.391304
5	0.072464	0.253623	0.115942	0.557971
6	0.398551	0.0	0.57971	0.021739
7	0.0	0.869565	0.0	0.130435
8	0.0	0.0	0.985507	0.014493
9	0.0	0.0	1.0	0.0
10	0.0	0.768116	0.0	0.231884
11	0.0	0.021739	0.644928	0.333333
12	0.181159	0.0	0.768116	0.050725
13	0.297101	0.384058	0.065217	0.253623
14	0.0	0.072464	0.65942	0.268116
15	0.181159	0.188406	0.485507	0.144928
