Pos	A	C	G	T
1	0.480342	0.078632	0.059829	0.381197
2	0.548718	0.121368	0.078632	0.251282
3	0.494017	0.112821	0.094017	0.299145
4	0.391453	0.167521	0.147009	0.294017
5	0.376068	0.215385	0.174359	0.234188
6	0.251282	0.307692	0.177778	0.263248
7	0.388034	0.051282	0.434188	0.126496
8	0.0	0.023932	0.0	0.976068
9	0.565812	0.123077	0.311111	0.0
10	0.991453	0.0	0.008547	0.0
11	0.0	0.0	0.0	1.0
12	0.0	0.0	0.0	1.0
13	1.0	0.0	0.0	0.0
14	0.601709	0.037607	0.331624	0.02906
15	0.071795	0.261538	0.234188	0.432479
