Pos	A	C	G	T
1	0.372549	0.098039	0.431373	0.098039
2	0.196078	0.019608	0.509804	0.27451
3	0.411765	0.0	0.0	0.588235
4	0.823529	0.058824	0.019608	0.098039
5	0.176471	0.019608	0.666667	0.137255
6	0.0	0.980392	0.019608	0.0
7	0.0	0.0	0.784314	0.215686
8	0.0	0.0	0.0	1.0
9	0.372549	0.058824	0.568627	0.0
10	0.058824	0.333333	0.0	0.607843
11	0.392157	0.156863	0.235294	0.215686
12	0.137255	0.215686	0.45098	0.196078
13	0.411765	0.196078	0.196078	0.196078
14	0.901961	0.019608	0.078431	0.0
15	0.0	0.666667	0.254902	0.078431
16	1.0	0.0	0.0	0.0
17	0.490196	0.509804	0.0	0.0
18	0.039216	0.0	0.960784	0.0
19	0.254902	0.196078	0.156863	0.392157
20	0.058824	0.372549	0.019608	0.54902
21	0.764706	0.019608	0.0	0.215686
