Pos	A	C	G	T
1	0.290323	0.0	0.66129	0.048387
2	0.0	0.016129	0.0	0.983871
3	0.016129	0.032258	0.241935	0.709677
4	0.016129	0.0	0.0	0.983871
5	0.725806	0.274194	0.0	0.0
6	0.258065	0.0	0.741935	0.0
7	0.048387	0.0	0.677419	0.274194
8	0.0	0.0	1.0	0.0
9	0.016129	0.0	0.0	0.983871
10	0.0	0.016129	0.290323	0.693548
11	0.032258	0.032258	0.0	0.935484
12	1.0	0.0	0.0	0.0
13	0.0	0.016129	0.645161	0.33871
14	0.032258	0.016129	0.935484	0.016129
15	0.290323	0.016129	0.693548	0.0
16	0.0	0.016129	0.0	0.983871
17	0.0	0.0	0.0	1.0
18	0.032258	0.0	0.241935	0.725806
19	1.0	0.0	0.0	0.0
20	0.0	0.016129	0.983871	0.0
21	0.016129	0.0	0.645161	0.33871
