Pos	A	C	G	T
1	0.291045	0.085821	0.070896	0.552239
2	0.272388	0.141791	0.074627	0.511194
3	0.276119	0.25	0.074627	0.399254
4	0.335821	0.152985	0.093284	0.41791
5	0.223881	0.134328	0.212687	0.429104
6	0.070896	0.033582	0.078358	0.817164
7	0.146791	0.000597	0.004329	0.848283
8	0.0	0.05597	0.0	0.94403
9	0.0	0.0	0.011194	0.988806
10	0.179104	0.041045	0.0	0.779851
11	0.936567	0.0	0.018657	0.044776
12	0.0	0.985075	0.0	0.014925
13	0.048507	0.559701	0.070896	0.320896
14	0.149254	0.097015	0.44403	0.309701
15	0.126866	0.279851	0.05597	0.537313
