Pos	A	C	G	T
1	0.303621	0.164345	0.103064	0.428969
2	0.331476	0.214485	0.220056	0.233983
3	0.250696	0.18663	0.18663	0.376045
4	0.640669	0.061281	0.253482	0.044568
5	0.0	0.002786	0.997214	0.0
6	0.980501	0.0	0.008357	0.011142
7	0.94429	0.0	0.011142	0.044568
8	0.083565	0.194986	0.615599	0.10585
9	0.197772	0.401114	0.197772	0.203343
10	0.086351	0.030641	0.008357	0.874652
11	0.002786	0.0	0.0	0.997214
12	0.0	1.0	0.0	0.0
13	0.0	0.072423	0.022284	0.905292
14	0.849582	0.011142	0.139276	0.0
15	0.0	0.0	1.0	0.0
16	0.991643	0.002786	0.005571	0.0
17	0.788301	0.030641	0.069638	0.111421
