Pos	A	C	G	T
1	0.195744680851	0.344680851064	0.170212765957	0.289361702128
2	0.319148936170319	0.246808510638247	0.106382978723106	0.327659574468328
3	0.0382978723403847	0.893617021276643	0.0382978723403847	0.0297872340425881
4	0.961702127659644	0.0127659574467953	0.00851063829786685	0.0170212765956937
5	0.00851063829787272	0.978723404255313	0.00425531914894136	0.00851063829787272
6	0.0127659574468051	0.0680851063830272	0.906382978723363	0.0127659574468051
7	0.0	0.936170212766	0.0	0.063829787234
8	0.0170212765957085	0.0	0.970212765957485	0.0127659574468064
9	0.076595744680877	0.885106382978734	0.0255319148935923	0.0127659574467962
10	0.0680851063830068	0.170212765957017	0.0723404255319072	0.689361702128069
11	0.268085106383	0.289361702128	0.170212765957	0.272340425532
12	0.348936170213	0.187234042553	0.212765957447	0.251063829787
