Pos	A	C	G	T
1	0.0101010101010101	0.333333333333333	0.292929292929293	0.363636363636364
2	0.0303030303030303	0.464646464646465	0.333333333333333	0.171717171717172
3	0.424242424242382	0.363636363636327	0.0505050505051454	0.161616161616145
4	0.0	0.969696969697	0.0	0.030303030303
5	1.0	0.0	0.0	0.0
6	0.0	1.0	0.0	0.0
7	0.0	0.0	1.0	0.0
8	0.0606060606060939	0.040404040403996	0.0	0.89898989898991
9	0.0	0.0	1.0	0.0
10	0.0	0.50505050505095	0.0808080808080919	0.414141414140959
11	0.212121212121212	0.101010101010101	0.454545454545455	0.232323232323232
