Pos	A	C	G	T
1	0.157894736842	0.447368421053	0.201754385965	0.19298245614
2	0.0	1.0	0.0	0.0
3	0.982456140350902	0.0	0.0175438596490982	0.0
4	0.0	1.0	0.0	0.0
5	0.0	0.00877192982456386	0.991228070175436	0.0
6	0.0	0.0	0.0	1.0
7	0.0	0.0964912280701807	0.903508771929819	0.0
8	0.421052631579	0.122807017544	0.122807017544	0.333333333333
9	0.131578947367987	0.640350877192936	0.149122807017985	0.0789473684210921
10	0.245614035088	0.280701754386	0.236842105263	0.236842105263
11	0.114035087719057	0.350877192982175	0.0701754385965351	0.464912280702233
12	0.19298245614	0.254385964912	0.245614035088	0.30701754386
13	0.315789473684	0.464912280702	0.0	0.219298245614
14	0.245614035087754	0.324561403508675	0.105263157894895	0.324561403508675
