Pos	A	C	G	T
1	0.354838709677419	0.193548387096774	0.161290322580645	0.290322580645161
2	0.203125	0.234375	0.125	0.4375
3	0.123076923076923	0.753846153846154	0.0153846153846154	0.107692307692308
4	0.615384615384615	0.0923076923076923	0.123076923076923	0.169230769230769
5	0.0153846153846154	0.861538461538462	0.0461538461538462	0.0769230769230769
6	0.0	1.0	0.0	0.0
7	0.0	0.0	0.0	1.0
8	0.0	0.0	1.0	0.0
9	0.436363636363636	0.127272727272727	0.345454545454545	0.0909090909090909
10	0.222222222222222	0.277777777777778	0.333333333333333	0.166666666666667
11	0.230769230769231	0.269230769230769	0.307692307692308	0.192307692307692
12	0.173913043478261	0.434782608695652	0.108695652173913	0.282608695652174
