Pos	A	C	G	T
1	0.0740740740740741	0.185185185185185	0.555555555555556	0.185185185185185
2	0.185185185185185	0.037037037037037	0.37037037037037	0.407407407407407
3	0.407407407407407	0.0740740740740741	0.444444444444444	0.0740740740740741
4	0.222222222222222	0.0	0.62962962962963	0.148148148148148
5	0.185185185185185	0.111111111111111	0.62962962962963	0.0740740740740741
6	0.407407407407407	0.407407407407407	0.185185185185185	0.0
7	0.0	1.0	0.0	0.0
8	1.0	0.0	0.0	0.0
9	0.0	1.0	0.0	0.0
10	0.0	0.0	1.0	0.0
11	0.0	0.0	0.0	1.0
12	0.0	0.0	1.0	0.0
13	0.407407407407407	0.0740740740740741	0.481481481481481	0.037037037037037
14	0.333333333333333	0.444444444444444	0.222222222222222	0.0
15	0.111111111111111	0.333333333333333	0.481481481481481	0.0740740740740741
16	0.407407407407407	0.222222222222222	0.0	0.37037037037037
17	0.148148148148148	0.703703703703704	0.148148148148148	0.0
18	0.148148148148148	0.0740740740740741	0.333333333333333	0.444444444444444
