Pos	A	C	G	T
1	0.0	0.9375	0.0	0.0625
2	0.875	0.03125	0.0625	0.03125
3	0.0	1.0	0.0	0.0
4	0.65625	0.03125	0.3125	0.0
5	0.264705882352941	0.147058823529412	0.441176470588235	0.147058823529412
6	0.470588235294118	0.0294117647058824	0.0294117647058824	0.470588235294118
7	0.0	0.0588235294117647	0.0294117647058824	0.911764705882353
8	0.147058823529412	0.705882352941177	0.0	0.147058823529412
9	0.0	1.0	0.0	0.0
10	0.0	0.96969696969697	0.0	0.0303030303030303
11	0.304347826086957	0.0434782608695652	0.565217391304348	0.0869565217391304
12	0.954545454545455	0.0	0.0	0.0454545454545455
13	0.136363636363636	0.0	0.454545454545455	0.409090909090909
14	0.0909090909090909	0.0	0.909090909090909	0.0
