Pos	A	C	G	T
1	0.142857142857143	0.238095238095238	0.285714285714286	0.333333333333333
2	0.19047619047619	0.285714285714286	0.19047619047619	0.333333333333333
3	0.19047619047619	0.0952380952380952	0.571428571428571	0.142857142857143
4	0.0	1.0	0.0	0.0
5	0.0	0.0	0.0	1.0
6	0.0	0.0	0.0	1.0
7	0.0	0.0	0.0	1.0
8	0.476190476190476	0.0952380952380952	0.0952380952380952	0.333333333333333
9	0.333333333333333	0.19047619047619	0.142857142857143	0.333333333333333
10	0.19047619047619	0.19047619047619	0.285714285714286	0.333333333333333
11	0.238095238095238	0.0952380952380952	0.333333333333333	0.333333333333333
