Pos	A	C	G	T
1	0.174440521617555	0.367638580363729	0.283480376401161	0.174440521617555
2	0.295643004663474	0.505907178661314	0.0992249083376063	0.0992249083376063
3	8.39207083579151e-05	8.39207083579151e-05	0.999748237874926	8.39207083579151e-05
4	8.39207083579151e-05	0.999748237874926	8.39207083579151e-05	8.39207083579151e-05
5	8.39207083579151e-05	0.999748237874926	8.39207083579151e-05	8.39207083579151e-05
6	8.39207083579151e-05	8.39207083579151e-05	0.999748237874926	8.39207083579151e-05
7	8.39207083579151e-05	0.999748237874926	8.39207083579151e-05	8.39207083579151e-05
8	8.39207083579151e-05	0.999748237874926	8.39207083579151e-05	8.39207083579151e-05
9	0.576146503737409	0.075643399090803	0.177184099375546	0.171025997796242
10	0.249406260988368	0.252399712655495	0.24669394369424	0.251500082661898
