Pos	A	C	G	T
1	0.162378226184787	0.000511671912363424	0.837087280846726	2.28210561241795e-05
2	0.186958759115127	0.0180092957191805	0.77347090363375	0.0215610415319427
3	0.590369881827607	0.0185551848994954	0.384040977407475	0.00703395586542323
4	0.134658973008962	0.000281603692442151	0.865013796248848	4.56270497477165e-05
5	0.172101883379282	0.00274035273461098	0.532768313865113	0.292389450020994
6	0.998903464731839	0.000174934815647788	0.000385450747574655	0.000536149704939005
7	0.846316557840695	0.153069715083054	9.64137428343441e-05	0.000517313333416268
8	0.889033345372951	0.0882465625744026	0.0226494313190286	7.06607336179552e-05
9	0.044097244254635	0.024689975030624	0.931128500041927	8.42806728138509e-05
10	0.242317807516065	6.87578211690763e-06	0.757671654716637	3.66198518136445e-06
