Pos	A	C	G	T
1	0.20801285940051	0.280787990336622	0.267093798456873	0.244105351805994
2	0.205485338164806	0.461912132742399	0.14480307042512	0.187799458667675
3	0.546960284654932	0.0294995849728394	0.370323220827484	0.0532169095447446
4	0.00479089114973783	0.931425713018459	0.0549660893325884	0.00881730649921425
5	0.0235154112673524	0.970349197552514	0.00474767965537354	0.00138771152476036
6	0.0397082806613944	0.05413926708992	0.863988748642364	0.0421637036063217
7	0.491438759782682	0.227542568083632	0.1107568583551	0.170261813778585
8	0.0979033149557455	0.752936134340017	0.0531958512719587	0.0959646994322793
9	0.345265723293195	0.277082233245194	0.178451049858219	0.199200993603392
10	0.26554290171294	0.250078886980829	0.196719019971607	0.287659191334624
