Pos	A	C	G	T
1	0.204715473078714	0.204715473078714	0.204715473078714	0.385853580763857
2	0.100337014302916	0.100337014302916	0.381117234405877	0.41820873698829
3	0.999370654896515	0.000209781701161771	0.000209781701161771	0.000209781701161771
4	0.000209781701161771	0.999370654896515	0.000209781701161771	0.000209781701161771
5	0.000209781701161771	0.999370654896515	0.000209781701161771	0.000209781701161771
6	0.000209781701161771	0.000209781701161771	0.000209781701161771	0.999370654896515
7	0.999370654896515	0.000209781701161771	0.000209781701161771	0.000209781701161771
8	0.999370654896515	0.000209781701161771	0.000209781701161771	0.000209781701161771
9	0.0454943086224475	0.46018238421099	0.0454943086224475	0.448828998544115
10	0.23694476028245	0.237674800602493	0.149872767398245	0.375507671716812
