Pos	A	C	G	T
1	0.329018065550378	0.121170282419192	0.121170282419192	0.428641369611237
2	0.000146802782206328	0.0946672421335729	0.801823584160567	0.103362370923654
3	0.409388918738788	0.000146802782206328	0.190508906524796	0.399955371954209
4	0.000146802782206328	0.000146802782206328	0.000146802782206328	0.999559591653381
5	0.000146802782206328	0.000146802782206328	0.999559591653381	0.000146802782206328
6	0.000146802782206328	0.000146802782206328	0.000146802782206328	0.999559591653381
7	0.999559591653381	0.000146802782206328	0.000146802782206328	0.000146802782206328
8	0.000146802782206328	0.000146802782206328	0.999559591653381	0.000146802782206328
9	0.417639235098784	0.324407724175189	0.128976520363014	0.128976520363014
