Pos	A	C	G	T
1	0.164367987153115	0.488875442458902	0.115828162884685	0.230928407503298
2	0.486638108590321	0.0210630589166787	0.423062847371896	0.0692359851211045
3	0.000374306344947739	0.979771406673292	0.0136989513578254	0.00615533562393545
4	0.0295088252559272	0.967474801142965	0.00275850641764043	0.000257867183466918
5	0.0093215893758121	0.0122109507060898	0.97489828965954	0.00356917025855827
6	0.51061111734612	0.117402508926686	0.144836899441592	0.227149474285601
7	0.0440263065288506	0.929630625530209	0.00595831266595632	0.0203847552749844
8	0.195109054100354	0.616192031156349	0.0617787005789368	0.12692021416436
9	0.425180379590091	0.12552607446506	0.183554844250651	0.265738701694198
