Pos	A	C	G	T
1	0.233227874937323	0.233227874937323	0.233227874937323	0.300316374040251
2	0.195199749114354	0.195199749114354	0.414400751509158	0.195199749114354
3	0.321243830569337	0.531180325123863	0.039004379928039	0.108571463230981
4	0.0170059601383442	0.79486001030374	0.0865730434412861	0.10156098496885
5	0.99966158084091	0.000112806003770157	0.000112806003770157	0.000112806003770157
6	0.000112806003770157	0.99966158084091	0.000112806003770157	0.000112806003770157
7	0.000112806003770157	0.000112806003770157	0.99966158084091	0.000112806003770157
8	0.000112806003770157	0.000112806003770157	0.000112806003770157	0.99966158084091
9	0.0841704476101712	0.0168849307795022	0.882059689683045	0.0168849307795022
10	0.0549130566024711	0.0549130566024711	0.218792164255629	0.671381721391649
11	0.211108425788786	0.366674721485862	0.211108425788786	0.211108425788786
12	0.233106845578481	0.300679462116777	0.233106845578481	0.233106845578481
