Pos	A	C	G	T
1	0.194581452177776	0.387940063642625	0.244900217633529	0.172578266546069
2	0.116233815044381	0.224888294321107	0.028950972897476	0.629926917737035
3	0.131798086138701	0.102644452696467	0.0928765415551534	0.672680919609679
4	0.961630876432179	0.00389086179268709	0.0144202096907098	0.0200580520844241
5	0.0179261618714449	0.036098856998909	0.0149731890166096	0.931001792113037
6	0.0230713024674559	0.933171992301289	0.0150080920832824	0.028748613147972
7	0.043207542136629	0.636519507786533	0.0691318165163137	0.251141133560524
8	0.412023899459564	0.101603842702132	0.281767244531669	0.204605013306635
9	0.245250142351398	0.233289151769609	0.221911505581938	0.299549200297055
10	0.368214678716003	0.162173400182741	0.158962151705305	0.310649769395951
