Pos	A	C	G	T
1	0.217484996949512	0.293574038633066	0.282062835929851	0.206878128487571
2	0.273895679371804	0.392582733740727	0.21761932084983	0.11590226603764
3	0.0878680371987343	9.68914608636914e-05	0.894116528097954	0.0179185432424478
4	0.0548818143703491	0.784606284146022	0.107252089854615	0.0532598116290135
5	0.129025253699256	0.757488344157103	0.0433804184063707	0.0701059837372704
6	0.0880833973859839	5.8325497256292e-05	0.905316008008755	0.00654226910800465
7	0.147843666063877	0.47635120361676	0.214038392906027	0.161766737413336
8	0.0740496809151254	0.792138484945311	0.0559655448982824	0.0778462892412814
9	0.379400552538989	0.19029823776617	0.249283926499499	0.181017283195342
