Pos	A	C	G	T
1	0.359176145523536	0.153517247818584	0.3701146876408	0.11719191901708
2	0.604484578352546	0.0511302428498977	0.0319565177615678	0.312428661035988
3	0.541993138978732	0.00244795588477049	0.0205992227232152	0.434959682413282
4	0.327096730927908	0.0628188973023561	0.0814717179190157	0.52861265385072
5	0.143378454081106	0.335454948676722	0.139140980370804	0.382025616871369
6	0.330682101930486	0.36913317867139	0.198573140218706	0.101611579179419
7	0.157291596646552	0.458564696299147	0.218787597798341	0.16535610925596
8	0.000945181424088753	0.000584862567517205	0.995874864931484	0.00259509107691059
9	0.000369576761195628	0.0913413129825092	0.849461977941634	0.0588271323146614
10	0.394752327639067	0.117714070174639	0.336385744186675	0.151147857999619
