Pos	A	C	G	T
1	0.312029934291048	0.201105695864894	0.201105695864894	0.285758678417771
2	0.104890496003645	0.422771377813014	0.196922029852398	0.275416100769548
3	0.340415849890803	0.514887754548362	0.0723481999997197	0.0723481999997197
4	0.000102264462444808	0.000102264462444808	0.000102264462444808	0.999693211051271
5	0.000102264462444808	0.000102264462444808	0.999693211051271	0.000102264462444808
6	0.000102264462444808	0.897554085743614	0.000102264462444808	0.102241389770101
7	0.999693211051271	0.000102264462444808	0.000102264462444808	0.000102264462444808
8	0.000102264462444808	0.000102264462444808	0.0921337983111969	0.907661677202519
9	0.230337781625116	0.141028103555955	0.57963754955033	0.0489965697072029
10	0.145211769568451	0.247350894876107	0.145211769568451	0.462225570425596
11	0.466737807721476	0.177754065572376	0.177754065572376	0.177754065572376
