Pos	A	C	G	T
1	0.168158502195433	0.374243629059367	0.180351369349925	0.277246499395275
2	0.1650362019456	0.397885730759729	0.227275935807559	0.209802131487112
3	0.111443338260024	0.183739002251617	0.0170051507763961	0.687812508711963
4	0.0626492999336271	0.034382664800203	0.067867176416071	0.835100858850099
5	0.971596127330867	0.00654656321599978	0.0101648959611683	0.0116924134919652
6	0.00915317895431137	0.0313151261829305	0.0212021214593269	0.938329573403431
7	0.0163641844384591	0.967867376655929	0.00678758406968716	0.0089808548359251
8	0.0748790570475814	0.558846165224426	0.0803084012871829	0.28596637644081
9	0.279099993226981	0.1642796430653	0.208840356653402	0.347780007054316
