Pos	A	C	G	T
1	0.231265746954474	0.224430811195866	0.238308837496178	0.305994604353482
2	0.216237143428455	0.124757978909853	0.37856042050698	0.280444457154712
3	0.430865634453212	0.342337224750292	0.111697719404473	0.115099421392024
4	0.136797306173334	0.638103383307569	0.00840225660942689	0.21669705390967
5	0.805727629664698	0.000170630608776824	0.0661381514001864	0.127963588326339
6	0.192105813117308	0.532746834972257	0.162072915595366	0.113074436315069
7	0.152759972714594	0.173967392759455	0.517426705660599	0.155845928865353
8	0.19486081334213	0.12178845034791	0.103781271534595	0.579569464775365
9	0.226947251772132	0.277193999261991	0.27997984526883	0.215878903697047
10	0.288810015201726	0.141991768159567	0.277485612529115	0.291712604109592
