Pos	A	C	G	T
1	0.284804211453459	0.191443507064223	0.332308775285488	0.191443507064223
2	0.678552268327182	0.0753295552145083	0.170788622111193	0.0753295552145083
3	0.0253754450671606	0.923873665665909	0.0253754450671606	0.0253754450671606
4	0.0253754450671606	0.923873665665909	0.0253754450671606	0.0253754450671606
5	0.00012799624653567	0.00012799624653567	0.999616012127784	0.00012799624653567
6	0.00012799624653567	0.0858734933436362	0.913870515030684	0.00012799624653567
7	0.00012799624653567	0.098782654739225	0.0858734933436362	0.815215856537994
8	0.00012799624653567	0.913870515030684	0.0858734933436362	0.00012799624653567
9	0.253896869890364	0.148821714820479	0.452851429660287	0.144429986496262
10	0.376950018628077	0.174798441248876	0.273453099741564	0.174798441248876
11	0.224752551396223	0.325742346678722	0.224752551396223	0.224752551396223
12	0.224752551396223	0.325742346678722	0.224752551396223	0.224752551396223
