Pos	A	C	G	T
1	0.120104142383328	0.192165930379424	0.415033491506694	0.272696435730554
2	0.409876096998289	0.152300403877118	0.319211825317995	0.118611673806598
3	0.570604218478215	0.0441104110243799	0.0658050005848327	0.319480369912572
4	0.548366007455919	0.00890793953378985	0.0364865230638779	0.406239529946413
5	0.362215075788019	0.100709301877319	0.090218830365261	0.446856791969401
6	0.155865305952775	0.336632627888891	0.104479639068681	0.403022427089653
7	0.271455437728543	0.35917078236276	0.255647103703919	0.113726676204778
8	0.15241215577428	0.500991132921704	0.195701081818084	0.150895629485933
9	1.70529938930834e-06	0.0104435588435945	0.978465383401003	0.0110893524560133
10	0.0157146900667435	0.0904317974839574	0.866615978468795	0.027237533980504
