Pos	A	C	G	T
1	0.266535916684518	0.276658975524984	0.209723999550141	0.247080986492972
2	0.259609366224223	0.198311660230512	0.365219957371527	0.176859183208932
3	0.115829100079122	0.853160790095144	0.00349863025921428	0.0275115732627129
4	0.853318041874023	0.0121818774823515	0.0736624285405227	0.0608374581553494
5	0.0139809999406661	0.855505907696046	1.91584110047008e-05	0.130493647691455
6	0.130493647691455	1.91584110047008e-05	0.855505907696046	0.0139809999406661
7	0.0608374581553494	0.0736624285405227	0.0121818774823515	0.853318041874023
8	0.0275115732627129	0.00349863025921428	0.853160790095144	0.115829100079122
9	0.176859183208932	0.365219957371527	0.198311660230512	0.259609366224223
10	0.247080986492972	0.209723999550141	0.276658975524984	0.266535916684518
