Pos	A	C	G	T
1	0.287751529870626	0.219801506125072	0.295643852987447	0.196803099092631
2	0.143693331812433	0.275383201995273	0.279230451013678	0.301693014687447
3	0.0207175024935168	0.940292374510931	0.0144432120729641	0.0245473291761779
4	0.956610079991735	2.69288055097265e-11	0.0266940576847776	0.0166962879888703
5	0.00163346783104836	0.90784963104991	2.71300582106702e-11	0.0905165104165985
6	0.0905165104165985	2.71300582106702e-11	0.90784963104991	0.00163346783104836
7	0.0166962879888703	0.0266940576847776	2.69288055097265e-11	0.956610079991735
8	0.0245473291761779	0.0144432120729641	0.940292374510931	0.0207175024935168
9	0.301693014687447	0.279230451013678	0.275383201995273	0.143693331812433
10	0.196803099092631	0.295643852987447	0.219801506125072	0.287751529870626
