Pos	A	C	G	T
1	0.25609613647407	0.205521963613641	0.322322599896647	0.216059300015642
2	0.346225039165518	0.182561840185717	0.300993589106933	0.170219531541832
3	0.18107314996912	0.223385972356238	0.0983862534119134	0.497154624262729
4	0.119246267697051	0.192710840766624	0.508360494574522	0.179682396961803
5	0.783112816049318	0.0526294983596606	0.0817182020036035	0.0825394835874181
6	0.00895147778390288	0.805786350394949	0.00725592687004112	0.178006244951107
7	0.176911476595626	0.000519779537434706	0.777162506821477	0.0454062370454625
8	0.135250384553716	0.190019701890632	0.0310975102979239	0.643632403257728
9	0.236570681916865	0.105240376096975	0.537133694782792	0.121055247203368
10	0.152185451371585	0.144763279326796	0.393507391555719	0.3095438777459
