Pos	A	C	G	T
1	0.229165530171373	0.229165530171373	0.229165530171373	0.312503407572338
2	0.20333121343233	0.20333121343233	0.390006357789466	0.20333121343233
3	0.187671901369199	0.436984293978859	0.187671901369199	0.187671901369199
4	0.166258071950527	0.148139963559223	0.0209414177253082	0.6646605448514
5	4.44801837778857e-05	0.356147430409033	0.643763607309869	4.44801837778857e-05
6	0.999866557535124	4.44801837778857e-05	4.44801837778857e-05	4.44801837778857e-05
7	4.44801837778857e-05	0.999866557535124	4.44801837778857e-05	4.44801837778857e-05
8	4.44801837778857e-05	4.44801837778857e-05	0.999866557535124	4.44801837778857e-05
9	0.0208789495340191	0.0208789495340191	0.0208789495340191	0.937363149484398
10	0.0467132662730617	0.123189999552761	0.783383465987571	0.0467132662730617
11	0.138849311615892	0.0623725783361925	0.597599680325029	0.201178427809343
12	0.229103061980084	0.312690812146205	0.229103061980084	0.229103061980084
