Pos	A	C	G	T
1	0.210195226184058	0.210195226184058	0.36941431551087	0.210195226184058
2	0.259921591202633	0.165850495800845	0.326345539001483	0.247882368058083
3	0.675153076359078	0.179696184665929	0.0725753665190185	0.0725753665190185
4	0.16189966864626	0.743569364649779	0.000229932682608513	0.094301028084397
5	0.733511785043849	0.0798677963890208	0.104358607690327	0.0822618049398473
6	0.000229932682608513	0.90523910061343	0.000229932682608513	0.094301028084397
7	0.176332900341636	0.000229932682608513	0.823207228356191	0.000229932682608513
8	0.000229932682608513	0.104358607690327	0.000229932682608513	0.895181521007501
9	0.119672568720724	0.0400347050143112	0.706186919911911	0.1341058004161
10	0.164017299103937	0.188508110405243	0.397369817999609	0.250104766554254
11	0.177654564679351	0.28326976131086	0.281783239687069	0.257292428385765
