Pos	A	C	G	T
1	0.312611172235633	0.203356410666163	0.220293369800477	0.263739047297727
2	0.32694407481783	0.237410125118746	0.175877746471204	0.25976805359222
3	0.392951159985049	0.120745536796118	0.243151651609416	0.243151651609416
4	0.219860539026984	0.438339371754219	0.30581900247636	0.0359810867424364
5	0.0263468714006534	0.954654538177623	0.0076243687770154	0.0113742216447082
6	0.0183067124378835	0.010562054270708	0.969972569087824	0.00115866420358512
7	0.0313248458427262	0.681578600490368	0.0072023803805761	0.27989417328633
8	0.00798261903560474	0.0066012997244953	0.969971371123081	0.0154447101168184
9	0.00748513909349281	0.0109454035454838	0.0536735108918569	0.927895946469166
