Pos	A	C	G	T
1	0.233335289215117	0.540490158378892	0.183548039474072	0.042626512931919
2	0.0140268708207013	0.97357497098749	0.00462268097567272	0.00777547721613573
3	0.0317711625596983	0.000316180837469383	0.961561994720654	0.00635066188217832
4	0.0679171248997427	0.66400402422318	0.000801146230356351	0.267277704646721
5	0.0369654373484005	4.24250347614945e-05	0.962932532666474	5.9604950364316e-05
6	0.00133057369795362	0.00080703374288423	5.17254836493657e-06	0.997857220010797
7	0.230791559152156	0.273558354698988	0.21092760320973	0.284722482939126
8	0.290166372898479	0.247263472438973	0.249748511650375	0.212821643012173
9	0.240724306915985	0.258178788591093	0.25054845224646	0.25054845224646
