Pos	A	C	G	T
1	0.100235038478223	0.176974930810019	0.467355891979098	0.255434264786545
2	0.326096900119292	0.190592770390077	0.075731166880554	0.407579013267512
3	0.621066321188174	0.0440147347035726	0.021376379438488	0.313542478231441
4	0.403930447076215	0.0917749085690246	0.0315465108236241	0.472747976567368
5	0.326021305238701	0.161856438909798	0.0100888456511927	0.502033486637626
6	0.502033486637626	0.0100888456511927	0.161856438909798	0.326021305238701
7	0.472747976567368	0.0315465108236241	0.0917749085690246	0.403930447076215
8	0.313542478231441	0.021376379438488	0.0440147347035726	0.621066321188174
9	0.407579013267512	0.075731166880554	0.190592770390077	0.326096900119292
10	0.255434264786545	0.467355891979098	0.176974930810019	0.100235038478223
