Pos	A	C	G	T
1	0.328342986197236	0.169034640939938	0.219501140963681	0.283121372978628
2	0.211912493810466	0.328631028719274	0.142583146366793	0.316873164368106
3	0.439585558735224	0.186506578770801	0.226876485943216	0.147031400883024
4	0.206769279401156	0.163145767019386	0.479654955411275	0.150430040488048
5	0.739392854951086	0.0258322691618824	0.0346274402313828	0.200147278986547
6	0.200147278986547	0.0346274402313828	0.0258322691618824	0.739392854951086
7	0.150430040488048	0.479654955411275	0.163145767019386	0.206769279401156
8	0.147031400883024	0.226876485943216	0.186506578770801	0.439585558735224
9	0.316873164368106	0.142583146366793	0.328631028719274	0.211912493810466
10	0.283121372978628	0.219501140963681	0.169034640939938	0.328342986197236
