Pos	A	C	G	T
1	0.161563147649926	0.328618030000002	0.266372598069206	0.243446224280866
2	0.0862490143043949	0.160330711255259	0.0699120922280791	0.683508182212267
3	0.458997024818082	0.0872732261930078	0.361059847883194	0.0926699011057164
4	0.440335470086099	0.367799101201877	0.018129435154045	0.173735993557979
5	0.79752980701561	0.119285432062493	0.0040209540905224	0.0791638068313738
6	0.0826314339774209	0.824180998673653	0.0137961582408714	0.0793914091080547
7	0.0777275428639789	0.634736321688538	0.129438992725015	0.158097142722468
8	0.309568527089956	0.243515228328165	0.203401016253714	0.243515228328165
9	0.263112932628828	0.276603021153083	0.189158131850281	0.271125914367808
10	0.226909321810016	0.271659779916888	0.215842823601011	0.285588074672085
