Pos	A	C	G	T
1	0.325082734200827	0.224972424228336	0.224972424228336	0.224972424228336
2	0.2487845969382	0.260211349340077	0.0484425621770803	0.442561498430476
3	0.825532062095	0.024527593785245	0.024527593785245	0.125412757220344
4	0.000221712111922048	0.000221712111922048	0.999334870550067	0.000221712111922048
5	0.999334870550067	0.000221712111922048	0.000221712111922048	0.000221712111922048
6	0.000221712111922048	0.000221712111922048	0.000221712111922048	0.999334870550067
7	0.287819309815752	0.317618336592841	0.000221712111922048	0.394340648365318
8	0.000221712111922048	0.776893981698576	0.000221712111922048	0.222662600963412
9	0.0252492896050447	0.0252492896050447	0.723019371486007	0.226482056189738
10	0.299002678349593	0.2017791516563	0.297439025223642	0.2017791516563
11	0.322917646741427	0.225694120048136	0.225694120048136	0.225694120048136
