Pos	A	C	G	T
1	0.368015313490464	0.148135078518009	0.267233965533914	0.216615642457613
2	0.0992338367887707	0.431591290037066	0.161981001345312	0.307193871828852
3	0.858562825864859	0.0353486378786318	0.0423200030297169	0.063768533226792
4	0.255447704595619	0.660513597116986	0.0413891061741622	0.0426495921132328
5	0.122841868274647	0.0514647910336989	0.646063569787857	0.179629770903798
6	0.162278193905999	0.395168441678874	0.172312916995019	0.270240447420107
7	0.361055829414118	0.249393656668659	0.105533939088074	0.284016574829149
8	0.656781994730212	0.0361382602428247	0.0862588055884099	0.220820939438553
9	0.240777491631559	0.303042553346505	0.181975713492229	0.274204241529707
10	0.220348642916915	0.338732609103084	0.197395835994905	0.243522911985097
