Pos	A	C	G	T
1	0.295568016438439	0.184730680720505	0.298538524387878	0.221162778453178
2	0.155277780715809	0.378121527950724	0.248443547461254	0.218157143872212
3	0.270222539612458	0.117830345562521	0.52807897172794	0.0838681430970809
4	0.300943071679987	0.220725779932029	0.197733688206735	0.280597460181249
5	0.628233165263076	0.0457371729745297	0.123089456556277	0.202940205206117
6	0.873295539456359	0.0173271395496599	0.00559724231427754	0.103780078679704
7	0.107489042471548	0.0399404227293832	0.000738886402816185	0.851831648396253
8	0.137664329900957	0.709682956231083	0.0748000332999491	0.0778526805680105
9	0.152817340480063	0.278451349086186	0.12764377229397	0.44108753813978
10	0.336878061069156	0.216961740808529	0.239779806272603	0.206380391849712
