Pos	A	C	G	T
1	0.395895918042638	0.169211826893262	0.208752918316012	0.226139336748088
2	0.0797390972204307	0.0758501755598372	0.566093930860787	0.278316796358945
3	0.789996631718171	0.0490102118879447	0.141461653745917	0.0195315026479671
4	0.0827909387874617	0.0391076703581788	0.00126657780439036	0.876834813049969
5	0.153844564630335	0.137819212528247	0.207668440553432	0.500667782287986
6	0.000246011455008305	0.95110343353168	0.0196410707484587	0.0290094842648531
7	0.0376483065126636	0.406786294697345	0.323205380187418	0.232360018602573
8	0.179505068165046	0.354321056832804	0.267790094022306	0.198383780979845
9	0.211978472804572	0.306888572623472	0.253784308241964	0.227348646329991
10	0.179221860467406	0.298456586152487	0.275510153367834	0.246811400012272
