Pos	A	C	G	T
1	0.58205402080363	0.0186633790317265	0.360165361236467	0.0391172389281767
2	0.0836932138039716	0.86019395785126	0.0053503281584883	0.0507625001862796
3	0.0420583886348853	0.879240844036958	0.0257660789767287	0.0529346883514284
4	0.191746782229041	0.0601099664692857	0.205649992667386	0.542493258634288
5	0.888897105467007	0.000364212237303462	0.0603391705513504	0.0503995117443392
6	0.721863801119246	0.252607393773283	0.000454679038533325	0.0250741260689377
7	0.0965598749383628	0.595953879874867	0.0202907127605302	0.28719553242624
8	0.230673765612595	0.242500662478691	0.157748886430273	0.369076685478441
9	0.234957709806132	0.259668427851009	0.212598527492213	0.292775334850646
