Pos	A	C	G	T
1	0.269504602086374	0.278232768248039	0.269206603369313	0.183056022251062
2	0.105506610366899	0.408582444819507	0.105506610366899	0.380404330401479
3	0.136178576146442	0.0221570616416248	0.819507296525094	0.0221570616416248
4	0.000138724712045647	0.000138724712045647	0.999583821818649	0.000138724712045647
5	0.000138724712045647	0.000138724712045647	0.000138724712045647	0.999583821818649
6	0.000138724712045647	0.999583821818649	0.000138724712045647	0.000138724712045647
7	0.999583821818649	0.000138724712045647	0.000138724712045647	0.000138724712045647
8	0.999583821818649	0.000138724712045647	0.000138724712045647	0.000138724712045647
9	0.257879503540492	0.607955089514934	0.0670827014496802	0.0670827014496802
10	0.144632113333842	0.245748261273666	0.464987508013434	0.144632113333842
11	0.227981662059117	0.227981662059117	0.227981662059117	0.316055009777434
