Pos	A	C	G	T
1	0.278776440427616	0.210694701186055	0.202433243786284	0.308095614600046
2	0.373827496033117	0.180150831103477	0.166300177009004	0.279721495854401
3	0.100680084789429	0.0967323621992969	0.464958433921582	0.337629119089693
4	0.780703015264649	0.0133323687098028	0.160805380280891	0.0451592357446569
5	0.00019710763154429	0.00150079452803832	6.11756927145728e-05	0.998240922147703
6	0.177774863312461	0.116806408590794	0.202455060177441	0.502963667919304
7	0.0734413982702375	0.785631446875933	0.0644885562629286	0.0764385985909011
8	0.0919698394172552	0.344281862861057	0.281874148860844	0.281874148860844
9	0.21933371245835	0.276053412667227	0.254829417712375	0.249783457162047
10	0.242460476928052	0.270653313342756	0.22159219106365	0.265294018665543
