Pos	A	C	G	T
1	0.273480839035947	0.273480839035947	0.200583688987081	0.252454632941026
2	0.23064971961082	0.273390231602539	0.26531032917582	0.23064971961082
3	0.278186771458873	0.368077210697731	0.188348266023084	0.165387751820312
4	0.144544416539558	0.0581826291149214	0.745150969102108	0.0521219852434125
5	0.115568723860811	0.613920453081585	0.175891154735585	0.0946196683220188
6	0.185944995736138	0.668777158290842	0.0719125579687736	0.0733652880042468
7	0.213466198368667	0.119519375795249	0.58609301081285	0.0809214150232327
8	0.197200246080693	0.352207218018992	0.207310918901121	0.243281616999194
9	0.166530987730503	0.604971533211818	0.105128289032548	0.123369190025131
10	0.320417074899948	0.2928391570489	0.17409889613113	0.212644871920021
