Pos	A	C	G	T
1	0.376942397430803	0.207685867351891	0.207685867351891	0.207685867351891
2	0.385633332386929	0.142688628611682	0.142688628611682	0.328989409876185
3	0.483253113323337	0.0398290175963759	0.437088850970389	0.0398290175963759
4	0.167326076760073	9.23450983235662e-05	0.832489232529757	9.23450983235662e-05
5	9.23450983235662e-05	9.23450983235662e-05	9.23450983235662e-05	0.999722964191508
6	0.247899114137292	0.751916195152538	9.23450983235662e-05	9.23450983235662e-05
7	0.999722964191508	9.23450983235662e-05	9.23450983235662e-05	9.23450983235662e-05
8	0.919149926814289	9.23450983235662e-05	9.23450983235662e-05	0.0806653824755419
9	0.0424064776180516	0.794230327672266	0.0424064776180516	0.120956716578108
10	0.107403716358261	0.107403716358261	0.599238611451637	0.185953955318317
11	0.281711518663857	0.297761826075487	0.210263327373567	0.210263327373567
