Pos	A	C	G	T
1	0.287104276141875	0.250461713193107	0.176666578696699	0.285767428527313
2	0.18120997439595	0.30022065354323	0.159883899053797	0.358685460828319
3	0.437689820604073	0.167170200557479	0.255627370954737	0.139512428653422
4	0.164439323785352	0.062493695300757	0.739361147606799	0.0337058423897327
5	0.938812871124463	0.00337821223598008	0.0161048127306999	0.0417039219834129
6	0.0417039219834129	0.0161048127306999	0.00337821223598008	0.938812871124463
7	0.0337058423897327	0.739361147606799	0.062493695300757	0.164439323785352
8	0.139512428653422	0.255627370954737	0.167170200557479	0.437689820604073
9	0.358685460828319	0.159883899053797	0.30022065354323	0.18120997439595
10	0.285767428527313	0.176666578696699	0.250461713193107	0.287104276141875
