Pos	A	C	G	T
1	0.332551099225307	0.189956202088346	0.218501642187487	0.25899105649886
2	0.391822100093003	0.0900898864931289	0.437382417846835	0.0807055955670338
3	0.0120117692361515	0.00714124362899544	0.930653416746299	0.0501935703885538
4	0.0156727132825471	9.02209413641485e-06	2.76514031312662e-05	0.984290613220185
5	0.0458722679717478	0.930629045347621	0.0142372355021151	0.00926145117851605
6	0.882532442690306	0.0623519876691576	0.018780057790977	0.0363355118495596
7	0.849113627626529	0.0165137441843016	0.10714606689591	0.0272265612932596
8	0.219250868829161	0.578371614541729	0.0597528324193943	0.142624684209715
9	0.160546243621411	0.186528123376028	0.458785152504216	0.194140480498345
10	0.228047122059552	0.284164212265271	0.273021974131356	0.214766691543821
