Pos	A	C	G	T
1	0.178419101410034	0.245705898226353	0.263521586027064	0.312353414336549
2	0.166127135794869	0.196911299987963	0.41271338679845	0.224248177418718
3	0.0814683522367427	0.0856453239751454	0.720693994014255	0.112192329773857
4	0.139160444456808	0.0697995487082642	0.703190294141046	0.0878497126938822
5	0.179031443485136	0.234524826518293	0.390552128563489	0.195891601433081
6	0.0853171122267614	0.703716127103149	0.0458958659588322	0.165070894711257
7	0.0546175311438019	0.934820856826735	0.00338839011038859	0.00717322191907434
8	0.0498239199400616	0.803112808849666	0.0372814240869252	0.109781847123348
9	0.730212418314103	0.0587526040461806	0.16293241388207	0.0481025637576466
10	0.0212032170104564	0.738154325101019	0.114910425442083	0.125732032446442
