Pos	A	C	G	T
1	0.31360743246614	0.212330068058903	0.23466101624776	0.239401483227197
2	0.480259183857505	0.124502516029187	0.16147105889675	0.233767241216559
3	0.589938674368039	0.144029564853695	0.129026600690241	0.137005160088025
4	0.578988718243285	0.121666414553263	0.187032611121566	0.112312256081887
5	0.200784509993294	0.0430444044130328	0.102743156061861	0.653427929531811
6	0.882598495266444	0.0280186509148825	0.023170279295576	0.066212574523098
7	0.132782854562103	0.0659380141788071	0.0217304634522021	0.779548667806888
8	0.0841344760879197	0.806268186041824	0.0575363213845202	0.0520610164857356
9	0.196750206522847	0.245165854077272	0.15789573924345	0.40018820015643
