Pos	A	C	G	T
1	0.226420393223612	0.226420393223612	0.320738820329164	0.226420393223612
2	0.528871870810114	0.125805676698797	0.125805676698797	0.219516775792292
3	0.999767900122781	7.73666257397217e-05	7.73666257397217e-05	7.73666257397217e-05
4	7.73666257397217e-05	7.73666257397217e-05	0.999767900122781	7.73666257397217e-05
5	0.999767900122781	7.73666257397217e-05	7.73666257397217e-05	7.73666257397217e-05
6	7.73666257397217e-05	7.73666257397217e-05	7.73666257397217e-05	0.999767900122781
7	0.402884382540828	0.201776801926738	7.73666257397217e-05	0.395261448906694
8	7.73666257397217e-05	0.798068464821782	7.73666257397217e-05	0.201776801926738
9	0.0236569734021277	0.0236569734021277	0.724305383092453	0.228380670103292
10	0.124271689926943	0.330831296656911	0.420625323489204	0.124271689926943
