Pos	A	C	G	T
1	0.384998675075447	0.118301907263864	0.27678468486701	0.219914732793678
2	0.385772118763259	0.129702949164275	0.128412383257084	0.356112548815382
3	0.323298113760621	0.142390723161977	0.106545790508491	0.427765372568911
4	0.253903932803664	0.19189646431375	0.0915564734748173	0.462643129407768
5	0.0905871242104733	0.286091613335143	0.0914975399443084	0.531823722510075
6	0.15887143435417	0.532772916726292	0.241796215355886	0.0665594335636528
7	0.0539480860630266	0.741015997777867	0.083765582648708	0.121270333510399
8	0.0474401354593912	0.0790016398607602	0.787976769894729	0.0855814547851198
9	0.0111872714947086	0.18957347075649	0.784288280608001	0.0149509771408002
