Pos	A	C	G	T
1	0.331238955185354	0.222920348271549	0.222920348271549	0.222920348271549
2	0.174295862041578	0.174295862041578	0.477112413875266	0.174295862041578
3	0.0495297887337927	0.157848395647598	0.242295311041836	0.550326504576773
4	0.190933820463435	0.208473978913091	0.0964522566169609	0.504139944006513
5	0.808569783372714	0.000248198081925223	0.000248198081925223	0.190933820463435
6	0.000248198081925223	0.000248198081925223	0.900554474515021	0.0989491293211286
7	0.190933820463435	0.808569783372714	0.000248198081925223	0.000248198081925223
8	0.0989491293211286	0.000248198081925223	0.000248198081925223	0.900554474515021
9	0.315840746182714	0.0273278498103767	0.432679993249012	0.224151410757898
10	0.385892172825288	0.170016927109187	0.176874640112781	0.267216259952743
11	0.200718409348133	0.200718409348133	0.296922467883168	0.301640713420567
