Pos	A	C	G	T
1	0.256467311852581	0.440099667025001	0.152475086792429	0.150957934329989
2	0.0853394621867124	0.0638564104341928	0.809678273336785	0.0411258540423095
3	0.0186287110054397	0.875420193632278	0.0755431482337579	0.0304079471285243
4	0.111239582958992	0.821955518628028	0.0215782590127826	0.0452266394001973
5	0.0726569955945772	0.0819205337764422	0.800910877401918	0.0445115932270621
6	0.202550735461892	0.455315415889699	0.106803468304946	0.235330380343463
7	0.267940835777998	0.508144671783042	0.070864258452867	0.153050233986093
8	0.401276107351138	0.176734699898862	0.185796081728796	0.236193111021205
9	0.245177258445654	0.211026021987548	0.1780352301423	0.365761489424497
10	0.249916147430286	0.233020271361457	0.208747513305531	0.308316067902725
