Pos	A	C	G	T
1	0.209817999482264	0.264076936221504	0.21620790887046	0.309897155425772
2	0.351706871084429	0.0623521451407711	0.540664033618903	0.0452769501558967
3	0.000191294231648171	0.724917200542535	8.76904257270863e-05	0.27480381480009
4	0.000592524151156458	0.988942661188959	0.000118438238888766	0.0103463764209956
5	0.0471633738659248	0.000707241996421011	0.857154012332933	0.0949753718047212
6	0.759544863015376	0.089364131658368	0.0617268736678882	0.089364131658368
7	0.123744251567281	0.86110543042249	0.000147816587045626	0.0150025014231837
8	0.443107550474929	0.15819247982781	0.189390783559394	0.209309186137867
9	0.179240908688397	0.198091839608524	0.163813856129168	0.458853395573911
