Pos	A	C	G	T
1	0.186445195928787	0.386888810418132	0.162087666535067	0.264578327118015
2	0.542837651675281	0.0278493685177151	0.410267871405583	0.019045108401421
3	0.0113866768908637	0.975006343772433	0.00612539949676928	0.00748157983993423
4	0.0150537554554183	0.954919927377651	0.0105026488003465	0.0195236683665838
5	0.0232639493267863	0.00890760069835608	0.950420884254777	0.0174075657200806
6	0.871913448956082	0.0421270546985696	0.0285224119879052	0.0574370843574429
7	0.0153402628549454	0.953825680928523	0.0138804438338961	0.0169536123826354
8	0.589463188152059	0.0627533694210324	0.259618247264144	0.0881651951627645
9	0.235512542500107	0.273626536461693	0.257691767489731	0.233169153548469
