Pos	A	C	G	T
1	0.15447828875073	0.243863986064482	0.447179436434057	0.15447828875073
2	0.446767724132849	0.159792809610325	0.335084484968861	0.0583549812879656
3	5.9431584440098e-05	5.9431584440098e-05	5.9431584440098e-05	0.99982170524668
4	5.9431584440098e-05	5.9431584440098e-05	0.99982170524668	5.9431584440098e-05
5	0.99982170524668	5.9431584440098e-05	5.9431584440098e-05	5.9431584440098e-05
6	5.9431584440098e-05	0.99982170524668	5.9431584440098e-05	5.9431584440098e-05
7	5.9431584440098e-05	5.9431584440098e-05	0.99982170524668	5.9431584440098e-05
8	5.9431584440098e-05	5.9431584440098e-05	5.9431584440098e-05	0.99982170524668
9	0.390154979742744	0.418682734589836	0.0955811428337098	0.0955811428337098
10	0.424886649110577	0.191704450296474	0.191704450296474	0.191704450296474
