Pos	A	C	G	T
1	0.566239290130547	0.144586903289818	0.144586903289818	0.144586903289818
2	0.186015708623125	0.51171792904238	0.0967395076270399	0.205526854707455
3	0.640365882864698	0.208266333009125	0.0257525623041921	0.125615221821985
4	0.000244378082218562	0.999266865753344	0.000244378082218562	0.000244378082218562
5	0.000244378082218562	0.000244378082218562	0.908419313688594	0.091091930146969
6	0.091091930146969	0.71954193772269	0.0989120287779629	0.0904541033523785
7	0.42598032267682	0.483321195888583	0.000244378082218562	0.0904541033523785
8	0.999266865753344	0.000244378082218562	0.000244378082218562	0.000244378082218562
9	0.105657474792401	0.396909716961305	0.300927781389143	0.196505026857151
10	0.244352422519929	0.448637836569714	0.153504870455179	0.153504870455179
11	0.224491815778026	0.32652455266592	0.224491815778026	0.224491815778026
