Pos	A	C	G	T
1	0.149433950702727	0.294964347697463	0.275022934888955	0.280578766710855
2	0.225903531067762	0.270455629776631	0.273173754044279	0.230467085111328
3	0.165607849856807	0.340230266647782	0.167272236418035	0.326889647077376
4	0.762394675049124	0.0896994258459614	0.0625811658786958	0.0853247332262188
5	0.30960472546757	0.623467354082271	0.0650591206520858	0.0018687997980732
6	0.0502403115330513	0.80176674391895	0.142140744170668	0.0058522003773304
7	0.286254250621526	0.122349341066996	0.137948496843053	0.453447911468425
8	0.75469532930178	0.0533201405300726	0.132464426581748	0.0595201035863997
9	0.388168668835555	0.534557851069886	0.00564878207158892	0.0716246980229703
10	0.118058674707556	0.503297649664135	0.107897504508667	0.270746171119642
