Pos	A	C	G	T
1	0.0245680666150246	0.974035250015161	0.000632198087223926	0.000764485282590686
2	0.813518241948573	0.0635208596810276	0.0840463431452966	0.0389145552251023
3	0.00914008756469147	0.882421616497976	0.000380096529446702	0.108058199407886
4	0.0943890273625141	0.000303438850996216	0.904538465233915	0.000769068552574942
5	0.000235777321996953	0.0436032866274402	0.0168631796989816	0.939297756351581
6	0.0219696311798738	0.000356885991234078	0.943561077910405	0.034112404918487
7	0.0824123189932532	0.321094325173179	0.524127475072436	0.0723658807611321
8	0.142878231319916	0.351423742217657	0.262957583096472	0.242740443365955
9	0.263032745011789	0.265676268047317	0.238001869859398	0.233289117081497
