Pos	A	C	G	T
1	0.317379072528959	0.227540309157014	0.227540309157014	0.227540309157014
2	0.347265583018121	0.353163525029555	0.149785445976162	0.149785445976162
3	0.541055246678148	0.0464643148295233	0.366016123662805	0.0464643148295233
4	0.00013106537803187	0.00013106537803187	0.999606803865904	0.00013106537803187
5	0.00013106537803187	0.00013106537803187	0.087522838142122	0.912215031101814
6	0.00013106537803187	0.912215031101814	0.087522838142122	0.00013106537803187
7	0.912215031101814	0.00013106537803187	0.087522838142122	0.00013106537803187
8	0.912215031101814	0.00013106537803187	0.087522838142122	0.00013106537803187
9	0.205601275528259	0.661825439265614	0.109982528985108	0.0225907562210182
10	0.10034561940187	0.10034561940187	0.69896314179439	0.10034561940187
11	0.203666750548509	0.292375730361819	0.203666750548509	0.300290768541164
