Pos	A	C	G	T
1	0.992596758076864	0.00280197492258281	0.000818996472888974	0.00378227052766388
2	0.991609507576262	0.00309358121539288	0.000950591733815502	0.00434631947452946
3	0.0158899890886843	0.00590434956693685	0.0477361653322375	0.930469496012141
4	0.987483679063482	0.00267824028853729	0.00305005605788283	0.00678802459009758
5	0.97648595313121	0.00924386756838932	0.00445470288495924	0.00981547641544172
6	0.00604774695654578	0.0200792270107871	0.00155221943304204	0.972320806599625
7	0.0267934936759791	0.00760008236680476	0.00442893471755773	0.961177489239658
8	0.990815081470411	0.00255621569332339	0.0019709741640795	0.00465772867218587
9	0.00229201935430187	0.991712495384659	0.00261021669575104	0.00338526856528821
10	0.00193825342314191	0.00521629442763638	0.00868664917984001	0.984158802969382
