Pos	A	C	G	T
1	0.188900025281096	0.273477105293132	0.235383925901396	0.302238943524377
2	0.259283378001368	0.067892229479897	0.637734203106522	0.0350901894122125
3	0.00326369257174033	0.767285716828638	0.007410213452866	0.222040377146755
4	0.00022990008438448	0.982292885956666	0.0137342061344166	0.003743007824533
5	0.00363456464143056	0.00131060561965759	0.992760388522061	0.00229444121685109
6	0.961957550701924	0.0190862909161741	0.00409174006982924	0.0148644183120726
7	0.0202420591854264	0.970452615904275	0.00918675320832876	0.000118571701970124
8	0.52667525491987	0.149393556747602	0.168440764875753	0.155490423456776
9	0.148466615400088	0.148466615400088	0.13036785662992	0.572698912569905
