Pos	A	C	G	T
1	0.17937067785922	0.270278927507308	0.17062266667377	0.379727727959702
2	0.120832526433576	0.258373317902307	0.203243650426398	0.417550505237719
3	0.133434910954711	0.276888196074711	0.159750592236737	0.429926300733841
4	0.342544905109474	0.199617444830364	0.193717857754973	0.264119792305189
5	0.169706725297314	0.438812318781726	0.117222261310222	0.274258694610738
6	0.149773240313231	0.190399104481362	0.415350365747075	0.244477289458332
7	0.0941303668571109	0.385553784723781	0.146156900089296	0.374158948329812
8	0.25071407497852	0.240883435487833	0.17667522257265	0.331727266960998
9	0.348375190337835	0.185541770067888	0.183695598609549	0.282387440984729
10	0.153281316667427	0.344562295897862	0.171104572403732	0.33105181503098
