Pos	A	C	G	T
1	0.228598773771509	0.228598773771509	0.314203678685473	0.228598773771509
2	0.214044582487621	0.234089572209797	0.222722556915877	0.329143288386705
3	0.301191161070962	0.0232778179984745	0.652253202932089	0.0232778179984745
4	0.000161601013561557	0.000161601013561557	0.999515196959315	0.000161601013561557
5	0.000161601013561557	0.000161601013561557	0.000161601013561557	0.999515196959315
6	0.000161601013561557	0.999515196959315	0.000161601013561557	0.000161601013561557
7	0.999515196959315	0.000161601013561557	0.000161601013561557	0.000161601013561557
8	0.999515196959315	0.000161601013561557	0.000161601013561557	0.000161601013561557
9	0.104887541854663	0.851986803661232	0.0215628272420525	0.0215628272420525
10	0.12358841514654	0.20691312975915	0.455314895735026	0.214183559359284
11	0.226883783015087	0.319348650954739	0.226883783015087	0.226883783015087
