Pos	A	C	G	T
1	0.126643442553426	0.347712364360617	0.204665225699588	0.320978967386368
2	0.326062366801155	0.0607695397547925	0.588212732347884	0.0249553610961686
3	0.0184421883605276	0.598628308301655	0.0161940013359112	0.366735502001906
4	0.000787640055948742	0.983665522908252	0.0146038606849554	0.000942976350843404
5	0.00145338410727156	0.0114032078244823	0.986235039704443	0.00090836836380285
6	0.956642237111833	0.0363585534419003	0.00522486773951651	0.00177434170675
7	0.0292224541435593	0.948552739317163	0.0212198569384224	0.00100494960085518
8	0.738591366456329	0.0663368011737921	0.0834914986127817	0.111580333757098
9	0.0952339003343762	0.0914997256911716	0.123511710608759	0.689754663365693
