Pos	A	C	G	T
1	0.14574249409068	0.290569074288318	0.147207230507306	0.416481201113696
2	0.103923630674415	0.205132540417212	0.0988552153992829	0.59208861350909
3	0.883283212082992	0.0599580941947374	0.0231882547169742	0.0335704390052961
4	0.248139179606523	0.745451292445382	0.000396131044476306	0.00601339690361832
5	0.02373054072437	0.0301674297313002	0.785847580847186	0.160254448697144
6	0.0771780312150666	0.576004139003833	0.0827740698902738	0.264043759890827
7	0.373095758011942	0.224042353179078	0.0849306559208719	0.317931232888108
8	0.810104236485055	0.004793030709302	0.0131597499782223	0.17194298282742
9	0.190247275550208	0.379298948377429	0.143785797723893	0.28666797834847
10	0.198614018708802	0.403979177849968	0.204662716084177	0.192744087357053
