Pos	A	C	G	T
1	0.279131980210754	0.160436038971417	0.160436038971417	0.399995940108946
2	0.0716626301937776	0.456005499491325	0.156327589149031	0.316004279428399
3	0.915168025731147	0.0847206301472977	5.56711920442571e-05	5.56711920442571e-05
4	0.0916339686183895	0.825520248832013	5.56711920442571e-05	0.0827901096200866
5	0.0827901096200866	5.56711920442571e-05	0.825520248832013	0.0916339686183895
6	5.56711920442571e-05	0.208749743717195	0.112170771344591	0.679023812008706
7	0.806238614803045	0.193650041075402	5.56711920442571e-05	5.56711920442571e-05
8	0.744040979101201	5.56711920442571e-05	5.56711920442571e-05	0.255847676777243
9	0.263932367640649	0.55682836704936	0.0896196317862615	0.0896196317862615
10	0.269971337990245	0.1783930405639	0.1783930405639	0.373242579144489
