Pos	A	C	G	T
1	0.354911699323057	0.153219115507596	0.265567494323847	0.226301690845501
2	0.084445983250635	0.401863339053809	0.197573778841783	0.316116898853773
3	0.849965547948652	0.0177288954094046	0.0932417718606079	0.0390637847813358
4	0.0254231876816346	0.958780014273938	0.000530286240976666	0.0152665118034509
5	0.0843515818687027	0.000451578328252326	0.884474392724342	0.0307224470787028
6	0.107336639264715	0.34583786148697	0.272045697268352	0.274779801979964
7	0.497794365869302	0.281515377167493	0.0822848552661776	0.138405401697028
8	0.647908791710561	0.0587769595260204	0.0710760146560762	0.222238234107342
9	0.183545489343363	0.392470955191994	0.183545489343363	0.24043806612128
10	0.179734330167803	0.34774860419879	0.154698771616761	0.317818294016646
