Pos	A	C	G	T
1	0.181930772234504	0.2999531339526	0.193180742897859	0.324935350915037
2	0.248393657261563	0.0332819369439113	0.702759561258	0.0155648445365257
3	0.00314530960000501	0.732096493035135	0.000767906212462093	0.263990291152398
4	0.00225589124542522	0.995798695923325	0.000433243707662992	0.00151216912358698
5	0.0019424334859745	0.00179309210269606	0.996193544172611	7.09302387185763e-05
6	0.991456650727587	0.00381589496015721	0.00147576312252283	0.0032516911897333
7	0.00214977165111569	0.997609210197873	0.000130727748796077	0.000110290402215267
8	0.728498165445046	0.0701745077602987	0.104688063814561	0.0966392629800941
9	0.0781717195732969	0.155852171555444	0.088138367699652	0.677837741171607
