Pos	A	C	G	T
1	0.164099785087222	0.0737347864550615	0.0412839864992813	0.720881441958435
2	0.209446153621546	0.0272340133632365	0.114946486254288	0.64837334676093
3	0.262050660377087	0.270031291109714	0.131438340143419	0.336479708369781
4	0.0469808131725734	0.906634405201678	0.0263044805578146	0.0200803010679337
5	0.0506633319992642	0.675330643911694	0.0644057177539055	0.209600306335136
6	0.114698822822934	0.271051749670117	0.079226414612442	0.535023012894507
7	0.149659149039574	0.371801596229074	0.117726056302812	0.360813198428539
8	0.214531442483883	0.383161400842935	0.194116076507925	0.208191080165258
9	0.210010543729241	0.253955165500216	0.216406316962743	0.3196279738078
10	0.265559952749673	0.250094945042485	0.224043588838329	0.260301513369513
