Pos	A	C	G	T
1	0.239030813918252	0.241433113535987	0.239030813918252	0.28050525862751
2	0.249368604601641	0.251874800743008	0.165493536831483	0.333263057823868
3	0.464388037249994	0.0937583277444794	0.235266870749168	0.206586764256358
4	0.0371941841982639	0.553439482343326	0.0836091037057565	0.325757229752654
5	0.968943789952267	0.0154283480944152	0.00138570162942704	0.0142421603238902
6	0.120486495603985	0.846861935001579	0.01389511969405	0.0187564497003859
7	0.060475501760504	0.0255909392579022	0.814226312881207	0.0997072461003871
8	0.0979330466530992	0.480239072443948	0.158267089812007	0.263560791090946
9	0.460084101452956	0.26018926333791	0.0557796608683616	0.223946974340772
10	0.805302916893267	0.0217849312021028	0.0243180409669108	0.14859411093772
