Pos	A	C	G	T
1	0.398418164136567	0.132621886085774	0.280760535011229	0.18819941476643
2	0.05635637153645	0.534694365630347	0.124175427623599	0.284773835209604
3	0.943936319841388	0.0105915732319055	0.0183578762664587	0.0271142306602478
4	0.193304853298812	0.768367775801016	0.0266894536723851	0.0116379172277864
5	0.0666252077733118	0.0230826903516431	0.787672977551323	0.122619124323722
6	0.116047667518186	0.480103177217858	0.16304089086084	0.240808264403116
7	0.395235185991803	0.267596699736935	0.104530719583916	0.232637394687346
8	0.775155553070383	0.0185981799444462	0.0367105332481416	0.169535733737029
9	0.221471993079427	0.36514558582357	0.156068675738562	0.257313745358441
10	0.202512685149499	0.416048785897213	0.190719264476644	0.190719264476644
