Pos	A	C	G	T
1	0.5369720184426	0.121294688246915	0.22043860379876	0.121294688246915
2	0.000122996937978929	0.726990821253536	0.000122996937978929	0.272763183605696
3	0.999631007921255	0.000122996937978929	0.000122996937978929	0.000122996937978929
4	0.000122996937978929	0.999631007921255	0.000122996937978929	0.000122996937978929
5	0.000122996937978929	0.000122996937978929	0.999631007921255	0.000122996937978929
6	0.000122996937978929	0.000122996937978929	0.619239434797257	0.380514570061976
7	0.787773872320164	0.211980132539069	0.000122996937978929	0.000122996937978929
8	0.999631007921255	0.000122996937978929	0.000122996937978929	0.000122996937978929
9	0.128828308374861	0.506851923019177	0.128828308374861	0.235491458966292
