Pos	A	C	G	T
1	0.390274852909818	0.145237309245425	0.224350186899047	0.240137651370983
2	5.05067906935662e-05	5.05067906935662e-05	5.05067906935662e-05	0.999848480053191
3	5.05067906935662e-05	5.05067906935662e-05	5.05067906935662e-05	0.999848480053191
4	0.576528362447741	0.423370624396146	5.05067906935662e-05	5.05067906935662e-05
5	5.05067906935662e-05	0.999848480053191	5.05067906935662e-05	5.05067906935662e-05
6	5.05067906935662e-05	5.05067906935662e-05	5.05067906935662e-05	0.999848480053191
7	5.05067906935662e-05	5.05067906935662e-05	5.05067906935662e-05	0.999848480053191
8	0.999848480053191	5.05067906935662e-05	5.05067906935662e-05	5.05067906935662e-05
9	0.28663555537814	0.311547909016538	0.297003338379008	0.104813197651587
