Pos	A	C	G	T
1	0.217202240432511	0.134401139053616	0.206609162168627	0.441787458345246
2	0.167279082068627	0.212653390937668	0.0864584168093527	0.533609110184353
3	0.112505711851758	0.0987907515316628	0.0587331317401491	0.72997040487643
4	0.0975733839038376	0.111119339044281	0.0102841590052492	0.781023118046633
5	0.14657079847792	0.0383789287304881	0.71874639576709	0.0963038770245017
6	0.101726732787852	0.031572614906535	0.172826832968019	0.693873819337595
7	0.161188583790776	0.615586213926061	0.0520692731299619	0.171155929153201
8	0.180330829736068	0.253355364727475	0.325314727750537	0.24099907778592
9	0.205444142911636	0.187761809041117	0.243513939261526	0.363280108785721
10	0.264504385576357	0.24910084931583	0.17908451260118	0.307310252506632
