Pos	A	C	G	T
1	0.324154105918727	0.200581177144536	0.215124953490573	0.260139763446164
2	0.461198426960709	0.123202381079788	0.174832500889413	0.24076669107009
3	0.601581736088511	0.127684504609383	0.117867653386793	0.152866105915313
4	0.576688774976123	0.110753026567639	0.201805171888598	0.110753026567639
5	0.235678186910875	0.0342082642631495	0.126781769724377	0.603331779101599
6	0.969770357449541	0.000109378525695524	0.0135591188561722	0.0165611451685909
7	0.024780034508562	0.0213283733581478	0.00997456416361848	0.943917027969672
8	0.0548568828059235	0.824459205200145	0.0236822935931923	0.0970016184007392
9	0.201171100731674	0.231401846253442	0.158246792683375	0.409180260331509
10	0.25996971159762	0.235230322613516	0.244830254191245	0.25996971159762
