Pos	A	C	G	T
1	0.299610872618991	0.233337182222228	0.164429933210248	0.302622011948534
2	0.197136432191881	0.260837090518582	0.148992510306258	0.393033966983278
3	0.033768071195106	0.000364042637434255	0.962482338393374	0.00338554777408561
4	0.000776952407663652	0.00474752684292262	0.0144056979259306	0.980069822823483
5	0.957364695027378	0.0418538756562715	0.000347908557942491	0.000433520758408243
6	0.0104635692036008	0.970585622366613	0.00909659005903074	0.00985421837075546
7	0.0581110613743639	0.0443607926493624	0.744234393621692	0.153293752354582
8	0.337056809301476	0.0231096779853452	0.596006450291814	0.0438270624213649
9	0.490094635774142	0.163138332555059	0.1009472907602	0.245819740910598
10	0.298562302320292	0.323428680994464	0.16550123038578	0.212507786299464
