Pos	A	C	G	T
1	0.18463904090478	0.283837754751001	0.167068313043738	0.36445489130048
2	0.265903452776957	0.318344230568937	0.115947010830076	0.299805305824029
3	0.559602513374849	0.171953954462112	0.191948428491173	0.0764951036718662
4	0.000383396390931242	0.993579557639135	9.93917803383684e-05	0.00593765418959523
5	0.00436872174687593	0.0467339302877544	0.0102212660805517	0.938676081884818
6	0.00218655312071059	3.02677160060107e-05	0.00319736293218922	0.994585816231094
7	0.000403778673376747	7.91121835380112e-05	0.00415001359562312	0.995367095547462
8	0.332040182085186	0.0444896239494841	0.018453535764128	0.605016658201202
9	0.189717792651394	0.189717792651394	0.115069657945791	0.505494756751421
