Pos	A	C	G	T
1	0.23295580605608	0.23295580605608	0.23295580605608	0.301132586315461
2	0.140923570815114	0.140923570815114	0.518108469833521	0.200044393019953
3	0.259128504006676	0.308747318530962	0.325951922505274	0.106172259440791
4	9.59436253678515e-05	9.59436253678515e-05	9.59436253678515e-05	0.999712173607601
5	9.59436253678515e-05	9.59436253678515e-05	0.999712173607601	9.59436253678515e-05
6	0.999712173607601	9.59436253678515e-05	9.59436253678515e-05	9.59436253678515e-05
7	9.59436253678515e-05	0.999712173607601	9.59436253678515e-05	9.59436253678515e-05
8	9.59436253678515e-05	9.59436253678515e-05	0.999712173607601	9.59436253678515e-05
9	0.0171401386902132	0.0171401386902132	0.0171401386902132	0.948579588413062
10	0.4051825463869	0.376472710234444	0.10917237393118	0.10917237393118
11	0.507234659930713	0.143923685305503	0.143923685305503	0.204917973941983
