Pos	A	C	G	T
1	0.16260236700408	0.33405570286187	0.0569007063196431	0.446441223814408
2	0.901912569268539	0.049626133794806	0.0410387846252269	0.00742251231142846
3	0.789692756698464	0.206777627897542	0.000170613239004072	0.00335900216499081
4	0.00406088812526737	0.964299276116764	0.0126974565222017	0.0189423792357671
5	0.0338164661336127	0.296174215543739	0.361748003748829	0.30826131457382
6	0.262394121822796	0.0680231205487993	0.583968857433577	0.0856139001948275
7	0.255704026865573	0.285436797712763	0.0696874769429908	0.389171698478674
8	0.221447750413644	0.395514192603179	0.0900339365496801	0.293004120433497
9	0.310402237633761	0.210159968863392	0.212272111664514	0.267165681838332
