Pos	A	C	G	T
1	0.16466597861358	0.385260238427274	0.16466597861358	0.285407804345567
2	0.160171574279238	0.448651124325502	0.222793554895873	0.168383746499387
3	0.104266800304058	0.175379641041657	0.0301731664693154	0.690180392184969
4	0.133436587995415	0.0894452198139672	0.0682806466755483	0.708837545515069
5	0.927371068025821	0.000943983846980566	0.0175026758555936	0.0541822722716048
6	0.034958685966787	0.0356648982687702	0.0367510561238591	0.892625359640584
7	0.0245915860126906	0.936738678638205	0.0175035611145023	0.0211661742346019
8	0.162593569667855	0.340785637052684	0.185166172079757	0.311454621199704
9	0.253688184593339	0.218351444009811	0.227262535484342	0.300697835912509
10	0.229016359967727	0.235990946477079	0.274182362583983	0.26081033097121
