Pos	A	C	G	T
1	0.426335009452599	0.115033736314714	0.401507191331831	0.0571240629008561
2	0.00790237145493152	8.60491098761403e-05	0.979618193989096	0.012393385446097
3	0.000408887844549258	0.000392855122843337	0.00126577631355935	0.997932480719048
4	0.0459119389718829	0.950250079044687	0.00138642042561549	0.00245156155781462
5	0.895975472361883	0.0555849809781501	0.0096592213440457	0.0387803253159215
6	0.895657188036817	0.00751993683205363	0.0757590369954325	0.0210638381356968
7	0.0847545531229579	0.7061018345221	0.0562473803841374	0.152896231970804
8	0.136429762921994	0.19360304921343	0.485806270778147	0.184160917086429
9	0.204340556270404	0.314124057469909	0.262378467900233	0.219156918359455
