Pos	A	C	G	T
1	0.379438345011553	0.151213405428192	0.212446909605057	0.256901339955198
2	0.582920716089036	0.072824408781533	0.111949870289238	0.232305004840193
3	0.0455286078755218	0.0281723464077108	0.583089605890882	0.343209439825885
4	0.936811305812029	0.000584196361046753	0.0359626852946533	0.0266418125322713
5	0.071653272966063	0.000528262919284646	0.000924815365630309	0.926893648749022
6	0.109880488513177	0.0273685161559203	0.149813817584135	0.712937177746768
7	0.032098687058907	0.905796916681653	0.000618050647112996	0.0614863456123271
8	0.0344315432897051	0.368327725369911	0.304591976789003	0.292648754551381
9	0.21962506637213	0.302451776628843	0.19872497799549	0.279198179003537
10	0.215762121732141	0.248185515408458	0.183860351933183	0.352192010926218
