Pos	A	C	G	T
1	0.200273814660877	0.307060570719311	0.292391797643596	0.200273814660877
2	0.0960501106974242	0.621178024343056	0.0960501106974242	0.186721751946755
3	6.42700204648599e-05	0.999807187623265	6.42700204648599e-05	6.42700204648599e-05
4	0.999807187623265	6.42700204648599e-05	6.42700204648599e-05	6.42700204648599e-05
5	6.42700204648599e-05	0.999807187623265	6.42700204648599e-05	6.42700204648599e-05
6	6.42700204648599e-05	0.999807187623265	6.42700204648599e-05	6.42700204648599e-05
7	6.42700204648599e-05	6.42700204648599e-05	0.999807187623265	6.42700204648599e-05
8	6.42700204648599e-05	0.999807187623265	6.42700204648599e-05	6.42700204648599e-05
9	0.134045614252033	0.574342841256833	0.0497904547807533	0.241821087395042
10	0.335896323034352	0.270800500213957	0.239289015692146	0.154014158744206
