Pos	A	C	G	T
1	0.237068648183392	0.262001375555367	0.0513338179473579	0.449596158313883
2	0.0202902479028931	0.441483378360114	0.242291215210682	0.295935158526311
3	0.965644998781521	0.00177321852606311	0.0175104224332034	0.0150713602592122
4	0.000538097149097079	0.963221926138	0.0242953224188163	0.0119446542940865
5	0.00424994896857009	0.0441197256048299	0.940965969323704	0.0106643561028958
6	0.00084743954327298	0.0114097040061192	0.000945978178177736	0.98679687827243
7	0.00213970974127418	1.33087999226687e-05	0.992939945011101	0.00490703644770212
8	6.17799095962122e-05	0.00789178973000891	0.515853568723457	0.476192861636938
9	0.196643740719645	0.67952475804981	0.0514903117725234	0.0723411894580214
