Pos	A	C	G	T
1	0.356499472539038	0.173526922528016	0.216227860284566	0.25374574464838
2	0.71468096508005	0.0452334221139739	0.114644523464924	0.125441089341052
3	0.0156240143240638	0.0119270521547594	0.764184391147439	0.208264542373738
4	0.979383010547784	6.0623225149227e-05	0.0174078767923317	0.00314848943473548
5	0.0149153428160721	0.000244727582078328	8.73694502604173e-05	0.984752560151589
6	0.163135884121921	0.117282258876185	0.0378860700125615	0.681695786989333
7	2.80250163511588e-06	0.995014369012279	0.00168667170089995	0.00329615678518624
8	0.123662232187348	0.398438801692912	0.173738955145354	0.304160010974386
9	0.247151093415346	0.284291427107866	0.247151093415346	0.221406386061441
10	0.228518395729608	0.262858723158441	0.16428729822496	0.34433558288699
