Pos	A	C	G	T
1	0.299179312325742	0.210828098098646	0.240097022111815	0.249895567463797
2	0.364169752895173	0.180841347394469	0.205947259286969	0.24904164042339
3	0.48233871489154	0.188414928137602	0.163800069452371	0.165446287518487
4	0.572880821782417	0.0831526192546373	0.228303915787907	0.115662643175038
5	0.290815952016852	0.0338754512500802	0.106985209929768	0.5683233868033
6	0.91650134439791	0.0219894663141134	0.0263261708762385	0.0351830184117378
7	0.0632508791979677	0.0216955903030449	0.0287060823248603	0.886347448174127
8	0.0150586931189197	0.890653479230034	0.0494991471490033	0.0447886805020425
9	0.202988412798605	0.217706733423738	0.158087534848649	0.421217318929008
10	0.265880252488151	0.219872103337299	0.242996254300403	0.271251389874148
