Pos	A	C	G	T
1	0.300436975861248	0.233187675962999	0.233187675962999	0.233187675962999
2	0.233187675962999	0.233187675962999	0.233187675962999	0.300436975861248
3	0.377606905345336	0.180303245671752	0.261786607061402	0.180303245671752
4	0.224631386629949	0.194650335364145	0.530891980991461	0.0498263007646901
5	9.41385391694458e-05	0.932468288234486	9.41385391694458e-05	0.0673434384374186
6	0.999717588132736	9.41385391694458e-05	9.41385391694458e-05	9.41385391694458e-05
7	0.0673434384374186	0.932468288234486	9.41385391694458e-05	9.41385391694458e-05
8	9.41385391694458e-05	9.41385391694458e-05	0.932468288234486	0.0673434384374186
9	0.0169064635137317	0.0169064635137317	0.0169064635137317	0.949280613209049
10	0.0169064635137317	0.0169064635137317	0.949280613209049	0.0169064635137317
11	0.069790893804978	0.147158459966013	0.593350956853096	0.189699693126156
12	0.20026783871204	0.311169273497551	0.20026783871204	0.288295052828612
