Pos	A	C	G	T
1	0.290575094717944	0.295614369425393	0.173214865811795	0.240595670876635
2	0.190846918817879	0.12048597152339	0.6287547985465	0.0599123119439973
3	5.07317381025767e-05	0.999847805617459	5.07317381025767e-05	5.07317381025767e-05
4	0.999847805617459	5.07317381025767e-05	5.07317381025767e-05	5.07317381025767e-05
5	5.07317381025767e-05	0.999847805617459	5.07317381025767e-05	5.07317381025767e-05
6	5.07317381025767e-05	5.07317381025767e-05	0.999847805617459	5.07317381025767e-05
7	5.07317381025767e-05	5.07317381025767e-05	5.07317381025767e-05	0.999847805617459
8	5.07317381025767e-05	5.07317381025767e-05	0.999847805617459	5.07317381025767e-05
9	0.0768358661342489	0.255282602302665	0.137409525713641	0.530472006681213
10	0.190138420002047	0.263835070730003	0.286160073573155	0.259866436526561
