Pos	A	C	G	T
1	0.233877455753198	0.233877455753198	0.233877455753198	0.298367630024569
2	0.298367630024569	0.233877455753198	0.233877455753198	0.233877455753198
3	0.298367630024569	0.233877455753198	0.233877455753198	0.233877455753198
4	0.158334968064773	0.293773708520102	0.243874538553483	0.304016782145803
5	0.0999579970166562	0.0999579970166562	0.614586435745481	0.185497567505366
6	0.772635471446229	0.227191372845748	8.6576496091634e-05	8.6576496091634e-05
7	0.0645767507674627	0.935250093524511	8.6576496091634e-05	8.6576496091634e-05
8	0.99974026779589	8.6576496091634e-05	8.6576496091634e-05	8.6576496091634e-05
9	0.0162091200639344	0.0162091200639344	0.951372637092358	0.0162091200639344
10	0.0162091200639344	0.951372637092358	0.0162091200639344	0.0162091200639344
11	0.0162091200639344	0.0162091200639344	0.0162091200639344	0.951372637092358
12	0.167322607937104	0.0917516077523581	0.64917417384234	0.0917516077523581
13	0.150128578800476	0.150128578800476	0.300516029251898	0.399226810431313
