Pos	A	C	G	T
1	0.207636857844285	0.374574486123381	0.231780471026256	0.186008185006078
2	0.174524227014828	0.296504847885631	0.159503133656631	0.36946779144291
3	0.179985240422355	0.219834469072561	0.34476907661106	0.255411213894024
4	0.560854920057355	0.10664038251452	0.181174791241143	0.151329906186982
5	0.0313410618165081	0.648673245682786	0.156793415905223	0.163192276595482
6	0.116412315823824	0.109632990316397	0.711331336088281	0.0626233577714976
7	0.0933765805521155	0.13118920185423	0.0428043858458544	0.732629831747801
8	0.167925543586972	0.0485950021130817	0.667487516346239	0.115991937953708
9	0.0742276818360217	0.124853013210276	0.458122745214115	0.342796559739587
10	0.268272635681484	0.358526924592221	0.215293833121329	0.157906606604966
