Pos	A	C	G	T
1	0.201172785435148	0.201172785435148	0.396481640925527	0.201172785435148
2	0.372444042791824	0.152799597084276	0.321956760270594	0.152799597084276
3	0.283834624051583	0.0722072783805363	0.0722072783805363	0.571750816418314
4	0.0238818257023829	0.350518540113717	0.52342536374016	0.102174267674709
5	0.999687355395791	0.000104213945059742	0.000104213945059742	0.000104213945059742
6	0.000104213945059742	0.999687355395791	0.000104213945059742	0.000104213945059742
7	0.000104213945059742	0.000104213945059742	0.999687355395791	0.000104213945059742
8	0.000104213945059742	0.000104213945059742	0.000104213945059742	0.999687355395791
9	0.0489314278176546	0.154747876070565	0.747389265525095	0.0489314278176546
10	0.203121064421436	0.0973046161685259	0.392647795335228	0.306926521305779
11	0.177896934872266	0.466309192614172	0.177896934872266	0.177896934872266
12	0.321332834579712	0.22622238755042	0.22622238755042	0.22622238755042
