Pos	A	C	G	T
1	0.207499409755221	0.306019187207382	0.292671503382873	0.193809906752576
2	0.000198789056582919	0.999403639928301	0.000198789056582919	0.000198789056582919
3	0.999403639928301	0.000198789056582919	0.000198789056582919	0.000198789056582919
4	0.000198789056582919	0.999403639928301	0.000198789056582919	0.000198789056582919
5	0.000198789056582919	0.000198789056582919	0.999403639928301	0.000198789056582919
6	0.000198789056582919	0.000198789056582919	0.000198789056582919	0.999403639928301
7	0.000198789056582919	0.000198789056582919	0.999403639928301	0.000198789056582919
8	0.0811806542430822	0.81945842935382	0.0991621344445659	0.000198789056582919
9	0.211204224106968	0.234545128623509	0.235413140731902	0.318837513635673
