Pos	A	C	G	T
1	0.185650561955783	0.213548977155808	0.285392723096769	0.315407737791639
2	0.133201522925184	0.183435515462191	0.404181159163885	0.27918180244874
3	0.363231106582151	0.4952384129222	0.105113349731423	0.0364171307642257
4	0.0295854074133839	0.834874359958514	0.000269087478804868	0.135271145149297
5	0.937983935675629	3.38347406130773e-05	0.0617894614469251	0.000192768136833086
6	0.0883775852972021	0.60281983873296	0.187095349518668	0.121707226451169
7	0.146644118462654	0.194029204932706	0.560040268088238	0.0992864085164021
8	0.1624113641186	0.177706337997354	0.146955879371254	0.512926418512793
9	0.246394793006065	0.269598846142007	0.286269907737142	0.197736453114787
10	0.293458779496713	0.147191901070035	0.337557945091709	0.221791374341544
