Pos	A	C	G	T
1	0.307876728506938	0.27081721986545	0.210653025958039	0.210653025958039
2	0.456248972246742	0.117218116584179	0.309314794873365	0.117218116584179
3	8.58466836451319e-06	0.999974246283368	8.58466836451319e-06	8.58466836451319e-06
4	0.999974246283368	8.58466836451319e-06	8.58466836451319e-06	8.58466836451319e-06
5	8.58466836451319e-06	0.999974246283368	8.58466836451319e-06	8.58466836451319e-06
6	8.58466836451319e-06	8.58466836451319e-06	0.999974246283368	8.58466836451319e-06
7	8.58466836451319e-06	8.58466836451319e-06	8.58466836451319e-06	0.999974246283368
8	8.58466836451319e-06	8.58466836451319e-06	0.999974246283368	8.58466836451319e-06
9	0.0393555587824423	0.743386211173237	0.0969011396923437	0.120357090640441
10	0.226375960166176	0.281883148062797	0.25327917285603	0.238461719203461
