Pos	A	C	G	T
1	0.244367697921847	0.218650052210784	0.138758376026948	0.398223875155415
2	0.437729102268698	0.093193374629838	0.375884149786617	0.093193374629838
3	0.571761301050535	0.374423270150434	0.0269077150570121	0.0269077150570121
4	0.000127042553652897	0.999618873654033	0.000127042553652897	0.000127042553652897
5	0.000127042553652897	0.000127042553652897	0.999618873654033	0.000127042553652897
6	0.000127042553652897	0.000127042553652897	0.000127042553652897	0.999618873654033
7	0.000127042553652897	0.109974709984809	0.000127042553652897	0.889771206222878
8	0.894009551759135	0.000127042553652897	0.000127042553652897	0.105736364448552
9	0.584376908740309	0.111368666855453	0.111368666855453	0.192885758863777
10	0.156933668252563	0.529198996557303	0.156933668252563	0.156933668252563
11	0.223219327825389	0.223219327825389	0.330342017838826	0.223219327825389
