Pos	A	C	G	T
1	0.212853816687229	0.287322599166868	0.276056518911188	0.223767065234715
2	0.146186796312267	0.248361471326121	0.24589023339654	0.359561498965072
3	0.416453544801195	0.0499875971997524	0.0957532833699159	0.437805574629137
4	0.0925127000230711	0.269709629086048	0.0130311928447053	0.624746478046176
5	0.205513370535135	0.128446322757078	0.569928602994521	0.0961117037132656
6	0.495589543130546	0.269279008991956	0.123439116456485	0.111692331421013
7	0.510319221177342	0.0748163507577945	0.236284468446242	0.178579959618622
8	0.059290834256549	0.171135343896964	0.318128289687775	0.451445532158713
9	0.292925201778269	0.208495465426992	0.31732208287819	0.181257249916548
10	0.202645530783555	0.302311607669111	0.164261274775242	0.330781586772093
