Pos	A	C	G	T
1	0.20533813991131	0.211591617264119	0.261035935880251	0.32203430694432
2	0.253176123985538	0.266156741436262	0.195211851895221	0.285455282682979
3	0.328460741436569	0.189505362506864	0.24824528809599	0.233788607960576
4	0.184392954520521	0.342773233841204	0.180741729388738	0.292092082249537
5	0.666049459765162	0.141367648340556	0.0709066293560308	0.121676262538251
6	0.328326691763454	0.470600304861235	0.106060440430933	0.0950125629443787
7	0.182573629296133	0.102222676830834	0.511400755249459	0.203802938623574
8	0.20336053003188	0.342058034341005	0.215935642910497	0.238645792716619
9	0.353095777248212	0.248822388771494	0.117535374043661	0.280546459936633
10	0.585754975741083	0.0784845329068462	0.115920147712627	0.219840343639443
