Pos	A	C	G	T
1	0.38939106623762	0.161512760260838	0.203279961660132	0.245816211841409
2	0.587978680627283	0.0811817680164187	0.101158712069444	0.229680839286855
3	0.0484622591383388	0.0373669017618802	0.518419796769569	0.395751042330212
4	0.929704989800636	0.00208520531241675	0.0606346990636653	0.0075751058232817
5	0.0376770679399695	0.000234347934775139	5.28156163937457e-05	0.962035768508862
6	0.0913795295540276	0.045377731449267	0.139076130941883	0.724166608054823
7	3.49559113308661e-05	0.988642025867441	5.72067949675334e-06	0.0113172975417315
8	0.0483100286185366	0.364176693156806	0.298162658251791	0.289350619972867
9	0.212279383795879	0.310412871559387	0.223163180539236	0.254144564105499
10	0.216516236287547	0.267111330322884	0.190121917808385	0.326250515581184
