Pos	A	C	G	T
1	0.469894393092421	0.128061161514221	0.117039089131681	0.285005356261678
2	0.336487176302887	0.339868928645838	0.127556581096627	0.196087313954648
3	0.892710536685376	0.0173616262344772	0.0398157427994081	0.0501120942807381
4	0.0371925284028081	0.0128855675683252	0.000258233230703931	0.949663670798163
5	0.105478406217524	0.0584695585225091	0.0872263314581685	0.748825703801798
6	0.0627975033883109	0.837076377050975	0.0334454354318755	0.0666806841288389
7	0.078044648421127	0.336057097422447	0.175437188479211	0.410461065677215
8	0.231204485214719	0.276802024122288	0.20099952328731	0.290993967375683
9	0.209736749109572	0.26662766408591	0.160108733486421	0.363526853318097
