Pos	A	C	G	T
1	0.324005636295829	0.230617596336428	0.22157495104423	0.223801816323513
2	0.20073388290103	0.284854939111134	0.183456955526623	0.330954222461213
3	0.546854609994222	0.266182715129163	0.178427609871325	0.00853506500529044
4	0.040197493313335	0.799354588582157	0.124437631440399	0.0360102866641084
5	0.0366111054845557	6.92765803341431e-05	0.963287219604306	3.23983308044917e-05
6	5.43493481428142e-05	0.999922063217441	1.73819553627349e-05	6.20547905387795e-06
7	0.0014370014885956	8.48015586097982e-05	0.680316847572898	0.318161349379896
8	0.0619608881843028	0.718024255013657	0.119881451478369	0.100133405323671
9	0.0802134966866362	0.610752490702385	0.159922894301254	0.149111118309724
10	0.271465586549147	0.222257224117646	0.19712447428196	0.309152715051248
