Pos	A	C	G	T
1	0.29971036365534	0.119440286745574	0.222030898334268	0.358818451264818
2	0.142989114874583	0.302707958526584	0.169485691541982	0.384817235056851
3	0.69594530777094	0.0878184027157283	0.0670387678616595	0.149197521651672
4	0.235935248543572	0.530360729467047	0.0739624400160014	0.159741581973379
5	0.237978810253444	0.0681820707030852	0.513978603434437	0.179860515609034
6	0.241801160262757	0.402669343078588	0.130075589180908	0.225453907477747
7	0.295649913514265	0.234903790873412	0.115489085758344	0.35395720985398
8	0.421721170194315	0.119622908011266	0.161474035958681	0.297181885835738
9	0.221262133697954	0.375909387579687	0.148316443656375	0.254512035065984
10	0.32646980051184	0.259391226719292	0.157328731879006	0.256810240889862
