Pos	A	C	G	T
1	0.253147499043214	0.215718069007834	0.189421050766943	0.341713381182009
2	0.294580325880827	0.229419388483103	0.160060476096085	0.315939809539985
3	0.258516739903153	0.220293434258218	0.150650178401722	0.370539647436907
4	0.218916742280973	0.182854633612053	0.157384441680162	0.440844182426812
5	0.292598443645107	0.167134883093948	0.145300087043575	0.394966586217369
6	0.359756038997398	0.271897765177602	0.189696633887565	0.178649561937435
7	0.272857036129555	0.295582498559273	0.221173614896579	0.210386850414592
8	0.207409471938357	0.285629342377136	0.0453629169910446	0.461598268693462
9	0.248925941910722	0.0879840396447964	0.476827805078389	0.186262213366093
10	0.226410753027112	0.215368570304571	0.111313532981894	0.446907143686423
