Pos	A	C	G	T
1	0.187360550607943	0.369826818700985	0.187360550607943	0.255452080083129
2	0.186387747630131	0.394582864779409	0.241731877676769	0.17729750991369
3	0.143360148862928	0.229375405701256	0.0516949443113358	0.575569501124479
4	0.168420749304737	0.122298564937473	0.109559229170803	0.599721456586987
5	0.952984424970156	0.00322069946564939	0.0129306254173056	0.030864250146889
6	0.027021655578612	0.0819933874211414	0.0482617153211661	0.842723241679081
7	0.038913501147787	0.89905234904847	0.0285409889743689	0.0334931608293743
8	0.133292773433421	0.433784563206901	0.133292773433421	0.299629889926258
9	0.294682122739405	0.191693400908275	0.238864686270085	0.274759790082235
