Pos	A	C	G	T
1	0.273246061658906	0.181167484692265	0.364418961723323	0.181167484692265
2	0.00017877684636034	0.00017877684636034	0.00017877684636034	0.999463662227677
3	0.00017877684636034	0.00017877684636034	0.0956752955211334	0.903967143552904
4	0.0901469182610194	0.00017877684636034	0.909495520813018	0.00017877684636034
5	0.00017877684636034	0.999463662227677	0.00017877684636034	0.00017877684636034
6	0.00017877684636034	0.00017877684636034	0.899517331277011	0.100125107797027
7	0.00017877684636034	0.00017877684636034	0.00017877684636034	0.999463662227677
8	0.480622820105267	0.100125107797027	0.419073288018104	0.00017877684636034
9	0.171159560406004	0.159299001555528	0.0690112903457852	0.60053014045944
