Pos	A	C	G	T
1	0.15418470436022	0.289498832036695	0.184592605182248	0.371723858420838
2	0.148554036956384	0.395815730966746	0.0791186620978634	0.376511569979006
3	0.776126138514605	0.0732820032562392	0.0801832834201597	0.0704085748089963
4	0.945048540653671	0.0276945679906348	0.00435461539448797	0.0229022759612058
5	0.0135477549482837	0.0146761077313069	0.0028185451494912	0.968957592170918
6	0.478599095043853	0.330584825579416	0.0667439252043886	0.124072154172342
7	0.973680684690627	0.00537137222706313	0.00968989327144621	0.0112580498108634
8	0.0631634191973432	0.0301361462547069	0.0477378852863617	0.858962549261588
9	0.24318605869802	0.0617952699956795	0.294072643626998	0.400946027679302
10	0.19915474049714	0.233710252976632	0.377693157334945	0.189441849191283
