Pos	A	C	G	T
1	0.293896671318751	0.185532162086864	0.217724009121667	0.302847157472719
2	0.223487355530856	0.175801380463783	0.31086378864075	0.289847475364611
3	0.139415923941603	0.0982447411245845	0.0507779255626926	0.71156140937112
4	0.0256579999538561	0.0289293141652102	0.929693917885918	0.0157187679950154
5	0.963785867449411	0.000254327910620854	5.50710638576014e-05	0.03590473357611
6	0.0207945028334469	0.929538907007875	0.00101479707402208	0.0486517930846566
7	0.542693081543139	0.106329624377636	0.253799334440851	0.0971779596383743
8	0.0916964407169963	0.0944890130837499	0.496947091053142	0.316867455146112
9	0.1233049948469	0.381709908722808	0.328540763126524	0.166444333303769
10	0.222166943845038	0.20922894825018	0.159721088723137	0.408883019181645
