Pos	A	C	G	T
1	0.301190899430451	0.195956004761922	0.306897084573618	0.195956004761922
2	0.358546658869828	0.0488425977653467	0.0488425977653467	0.543768139127394
3	0.806293310812391	0.000237698270664264	0.0940579227616543	0.0994110616832042
4	0.0940579227616543	0.596187782896782	0.000237698270664264	0.309516589598813
5	0.905891844001261	0.000237698270664264	0.000237698270664264	0.0936327529853234
6	0.000237698270664264	0.000237698270664264	0.000237698270664264	0.999286898715921
7	0.200942692197074	0.000237698270664264	0.0936327529853234	0.705186850074851
8	0.000237698270664264	0.798581904789511	0.000237698270664264	0.200942692197074
9	0.14767674660538	0.260756079206383	0.0542816918907207	0.537285475825428
10	0.299770942720602	0.201395098887296	0.201395098887296	0.297438853032719
