Pos	A	C	G	T
1	0.159635855552328	0.279470102350273	0.191118818038243	0.369775224059156
2	0.144533675911204	0.400820033184423	0.0809241690643027	0.373722121840071
3	0.771101981178249	0.0742784327111069	0.0773097930553222	0.0773097930553222
4	0.941105989923874	0.0307858684838869	0.00484068272442269	0.0232674588678161
5	0.00933450387306047	0.0114011887762278	0.00301535518377627	0.976248952166936
6	0.470284945831256	0.312104721957868	0.0842121136952288	0.133398218515647
7	0.970209625599121	0.00673630906092409	0.0129036750416399	0.0101503902983145
8	0.0663431661787098	0.0353338263633781	0.0486591933026042	0.849663814155308
9	0.237807042714808	0.0688176050908339	0.293377331090051	0.399998021104306
10	0.200289431571992	0.223578700204334	0.361319814246495	0.214812053977179
