Pos	A	C	G	T
1	0.138517863291943	0.287435731898132	0.0857125532804757	0.488333851529449
2	0.985369412570328	0.000223804273172023	0.012466145495981	0.00194063766051909
3	0.926256647611492	0.0580410984722326	0.00710750561330977	0.00859474830296573
4	0.00354087476882337	0.986707660415603	0.000503774670504351	0.00924769014506968
5	0.0359595556338941	0.0808337722957103	0.798228463645592	0.0849782084248037
6	0.112592361550712	0.0241376744877836	0.701888020305867	0.161381943655638
7	0.213896907275372	0.266531958890546	0.113919739087716	0.405651394746366
8	0.288296738039714	0.312308127967078	0.108200965566866	0.291194168426342
9	0.363880802651684	0.21633461420731	0.180697858950009	0.239086724190997
10	0.265702068397289	0.228691889627976	0.209008649752789	0.296597392221947
