Pos	A	C	G	T
1	0.253935396374697	0.241550820955903	0.168524289334201	0.335989493335198
2	0.206519815201524	0.308091360849133	0.0937279432643899	0.391660880684952
3	0.315912942056693	0.0637817230079274	0.345663817082834	0.274641517852545
4	0.489657984446116	0.164631090676283	0.240737506822229	0.104973418055372
5	0.578611881409095	0.0369894200644505	0.383995919855579	0.000402778670875349
6	0.108795427282191	0.712991361451638	0.000624670671171098	0.177588540595001
7	0.110267706340373	0.653871666009231	0.103846215032098	0.132014412618298
8	0.318224079366555	0.257947425432043	0.265803094056739	0.158025401144663
9	0.222571545330264	0.303459634578605	0.199387187856253	0.274581632234877
