Pos	A	C	G	T
1	0.239707030596375	0.270268922293377	0.194302742656606	0.295721304453641
2	0.0901616689544872	0.0335019746127345	0.846918425597874	0.0294179308349046
3	0.00603786685655179	0.0265240211228225	0.0159275574179498	0.951510554602676
4	0.950632600924276	0.0419772438863811	0.00646968654271897	0.000920468646624217
5	0.0162870668208395	0.953721161904046	0.0036706595012845	0.0263211117738304
6	0.118169949205516	0.0866713895665017	0.615308541520537	0.179850119707445
7	0.27306348979122	0.0673366275617346	0.512706897188289	0.146892985458757
8	0.299583351213826	0.27379856726654	0.147288416297848	0.279329665221786
9	0.25207016717902	0.275808694612365	0.196312443596249	0.275808694612365
