Pos	A	C	G	T
1	0.263074003390586	0.231004080376325	0.242847912842504	0.263074003390586
2	0.220573078142502	0.264073918981401	0.220573078142502	0.294779924733594
3	0.384531365433843	0.103754274725993	0.451251737561747	0.060462622278417
4	0.00433248583566073	0.0011807401333463	0.894389598169666	0.100097175861327
5	0.00862010054608497	0.00259632439110815	0.00234925145847375	0.986434323604333
6	0.0341609031926357	0.963990855020459	6.02701579795771e-05	0.00178797162892614
7	0.72589688900444	0.132609401820318	0.0350721714239229	0.106421537751319
8	0.622334679445057	0.0471567905243719	0.201034798123999	0.129473731906572
9	0.314929354446242	0.408441354937627	0.121796100873945	0.154833189742187
