Pos	A	C	G	T
1	0.293198458049221	0.24736122334354	0.219389724239189	0.24005059436805
2	0.254197316367273	0.256752041868678	0.208119160266809	0.280931481497241
3	0.192493942202978	0.317368856964174	0.175926216757773	0.314210984075075
4	0.255764788623465	0.158263003421837	0.352220791533857	0.233751416420841
5	0.371167872664313	0.209904874039864	0.269523193342446	0.149404059953377
6	0.430962275691775	0.127233064616649	0.332294146108247	0.109510513583329
7	0.152960940976664	0.620287202630447	0.0722536324023197	0.15449822399057
8	0.140935527827752	0.565835011235194	0.160501379305557	0.132728081631497
9	0.413571229567923	0.152144352843727	0.303332559524409	0.130951858063941
10	0.169299476687349	0.317878488458265	0.25256514060287	0.260256894251516
