Pos	A	C	G	T
1	0.236326980228205	0.363295428346874	0.182220292881126	0.218157298543795
2	0.23723326856095	0.304613546503309	0.227931219050487	0.230221965885254
3	0.336482538803399	0.149686971550341	0.262052864721005	0.251777624925255
4	0.174832500889413	0.461198426960709	0.24076669107009	0.123202381079788
5	0.0440998038877894	0.825884831777613	0.0101396688080565	0.119875695526542
6	0.619974243964333	4.4586593326482e-05	0.000168583843833448	0.379812585598507
7	0.0487163138974524	0.229525460273499	0.045879296636043	0.675878929193006
8	0.246078753788381	0.173408766937745	0.285902722552001	0.294609756721872
9	0.299823942310988	0.166200591856205	0.324795399280428	0.20918006655238
