Pos	A	C	G	T
1	0.284731837881717	0.169622592411103	0.277066176555146	0.268579389091545
2	0.0893722117631424	0.731883360650085	0.0893722117631424	0.0893722117631424
3	0.913909946778734	0.00015175587772519	0.00015175587772519	0.0857865374053273
4	0.0857865374053273	0.82208060520682	0.0919810974496394	0.00015175587772519
5	0.17152731424664	0.736339828365507	0.00015175587772519	0.0919810974496394
6	0.0919810974496394	0.00015175587772519	0.00015175587772519	0.907715386734422
7	0.17152731424664	0.00015175587772519	0.736339828365507	0.0919810974496394
8	0.913803951465024	0.0858925327190371	0.00015175587772519	0.00015175587772519
9	0.473480292416554	0.175462187741582	0.0805291624514998	0.270528353329875
10	0.340197243541613	0.160779543099461	0.160779543099461	0.338243666198978
