Pos	A	C	G	T
1	0.293777432769558	0.256566215120374	0.277698342174653	0.171958008819104
2	0.15492922258592	0.530319104499017	0.156081106709472	0.158670565089279
3	9.41918950944927e-05	9.41918950944927e-05	0.999717423198411	9.41918950944927e-05
4	9.41918950944927e-05	0.911746848817104	0.0880647662763975	9.41918950944927e-05
5	9.41918950944927e-05	0.999717423198411	9.41918950944927e-05	9.41918950944927e-05
6	9.41918950944927e-05	9.41918950944927e-05	0.999717423198411	9.41918950944927e-05
7	9.41918950944927e-05	9.41918950944927e-05	0.999717423198411	9.41918950944927e-05
8	9.41918950944927e-05	0.999717423198411	9.41918950944927e-05	9.41918950944927e-05
9	0.535094408568898	0.166106757178216	0.220662650339664	0.0781361827969125
10	0.178621291207815	0.178621291207815	0.352131468786373	0.290625947681687
