Pos	A	C	G	T
1	0.193256166989386	0.294128456523198	0.315455175957076	0.19716020053034
2	0.197302290032636	0.470942977434902	0.174991433244587	0.156763299287876
3	0.0179780513925291	0.00028341348993657	0.981568346569837	0.000170188547697322
4	0.0609138140456216	0.828370054420269	0.0864408167680766	0.024275314766033
5	0.0977576692954277	0.680271275873928	0.0761337494017287	0.145837305428915
6	0.179404994209844	7.57471687865919e-05	0.820280034450025	0.00023922417134443
7	0.138180576938342	0.419289393502228	0.212419131491284	0.230110898068146
8	0.223853107035285	0.403828411802235	0.192672154777683	0.179646326384797
9	0.351359490482045	0.208890436834257	0.230859635849441	0.208890436834257
