Pos	A	C	G	T
1	0.255195963405809	0.255195963405809	0.213157586311753	0.27645048687663
2	0.231180279057617	0.274019106288723	0.265920617806193	0.228879996847467
3	0.289754784111583	0.320228560768001	0.237231152611637	0.15278550250878
4	0.132148746578415	0.0801522664491717	0.723375286445266	0.0643237005271473
5	0.0943931745743965	0.690536455298518	0.140818069109337	0.0742523010177487
6	0.172828118567296	0.700852580518228	0.0421948242982982	0.0841244766161773
7	0.15951503115782	0.0238584429631859	0.774438427292742	0.0421880985862518
8	0.17769423497723	0.464083406762413	0.145483734825437	0.21273862343492
9	0.121071713854827	0.68292363575583	0.0896921316373633	0.106312518751979
10	0.342518798767467	0.222811593728122	0.220594581328287	0.214075026176124
