Pos	A	C	G	T
1	0.205687765427099	0.313048871418944	0.316195064881681	0.165068298272276
2	0.213317387913388	0.494121352865682	0.123073426518921	0.169487832702009
3	0.108658579394584	4.92035584677116e-05	0.887324421479723	0.00396779556722512
4	0.0247123587482449	0.834892915806779	0.0549983658263778	0.0853963596185986
5	0.145090039152854	0.704405728549866	0.0512827536531657	0.0992214786441139
6	0.131472928509848	0.00986310437125806	0.827824324394252	0.0308396427246419
7	0.190198451187877	0.383012645991003	0.15417186814629	0.27261703467483
8	0.258282137450573	0.489827135088085	0.0770190307288349	0.174871696732507
9	0.423886971141283	0.162303305733847	0.18117562095031	0.23263410217456
10	0.275778429020988	0.196290901446505	0.204301685100078	0.323628984432429
