Pos	A	C	G	T
1	0.176000769806402	0.377859757908354	0.270138703220726	0.176000769806402
2	0.303124852267135	0.503084809554337	0.0968951694602067	0.0968951694602067
3	0.000148883478132441	0.000148883478132441	0.999553350307489	0.000148883478132441
4	0.000148883478132441	0.999553350307489	0.000148883478132441	0.000148883478132441
5	0.000148883478132441	0.999553350307489	0.000148883478132441	0.000148883478132441
6	0.000148883478132441	0.000148883478132441	0.999553350307489	0.000148883478132441
7	0.000148883478132441	0.999553350307489	0.000148883478132441	0.000148883478132441
8	0.000148883478132441	0.999553350307489	0.000148883478132441	0.000148883478132441
9	0.359357948452329	0.0741481138572011	0.492345824575155	0.0741481138572011
10	0.153253714203397	0.255522680931698	0.240734459332771	0.350489146274018
