Pos	A	C	G	T
1	0.202071060421004	0.57170288215076	0.0973798606659472	0.128846196762288
2	0.0382981086702478	0.000181845203122499	0.958529665995676	0.0029903801309539
3	0.00931364544176394	0.908214492410452	0.0635279887353729	0.0189438734124116
4	0.113719722838923	0.807333505925258	0.0313037171654394	0.0476430540703787
5	0.0747575173629443	0.0532101822654095	0.840712522649932	0.0313197777217143
6	0.153634558671648	0.452404543174866	0.150592390584526	0.24336850756896
7	0.19744223615268	0.605131667265657	0.0582909043492158	0.139135192232447
8	0.44869236054871	0.175271725570871	0.184258099103051	0.191777814777369
9	0.272738280745743	0.206131158269966	0.184659327929877	0.336471233054413
10	0.290029194708262	0.206434173539932	0.1924779476283	0.311058684123506
