Pos	A	C	G	T
1	0.169306365581592	0.404119201518077	0.161049196697845	0.265525236202486
2	0.486759534255965	0.0114474870268706	0.402530242899903	0.0992627358172614
3	0.0361594227822092	0.895997454465978	0.0278807802791882	0.0399623424726248
4	0.0274740353233516	0.937523091061787	0.00110875901916766	0.0338941145956934
5	0.0635547168857608	0.000411437241908737	0.9085966057753	0.0274372400970309
6	0.354760915533783	0.190841661207374	0.188942754951095	0.265454668307747
7	0.0754962701652338	0.807613217621505	0.0457908025530289	0.0710997096602323
8	0.230587807577689	0.493060425616588	0.0985566720981712	0.177795094707551
9	0.365499344793799	0.188908824133572	0.200590293427904	0.245001537644725
