Pos	A	C	G	T
1	0.197552233450335	0.316082426352568	0.224978090637474	0.261387249559623
2	0.190297124167602	0.394881872007665	0.170474659681266	0.244346344143468
3	0.524124936016305	0.0393198737268605	0.416434873591039	0.0201203166657947
4	0.00733177423378598	0.965086309058944	0.00843354780006115	0.019148368907209
5	0.0120336007369921	0.980147232467118	0.00166147007641585	0.00615769671947404
6	0.0047907949415764	0.00247612875910583	0.989002001447126	0.00373107485219175
7	0.659608578584546	0.140000584359954	0.0857680531872467	0.114622783868254
8	0.0336440426650916	0.912178780101497	0.0109773713331311	0.0431998059002806
9	0.47264489972419	0.120102358444839	0.241856449463293	0.165396292367678
10	0.240393986659061	0.273767495181889	0.235633866794929	0.250204651364122
