Pos	A	C	G	T
1	0.15431697118154	0.266626223843347	0.207896931982291	0.371159703339472
2	0.436463929173117	0.014506345550166	0.533364624057945	0.0156652271711801
3	0.0161199555416286	0.893602343382785	9.28563796373255e-05	0.0901848335853502
4	0.0399967721915577	0.888377972845839	0.00370794991280682	0.0679176326694221
5	0.0300674156113042	2.53794196883458e-11	0.959277702261305	0.0106552745180026
6	0.959501366329946	0.00201520243483041	0.0110672552790471	0.0274159231322822
7	0.00704445954235937	0.958030595665103	0.00302142365371502	0.0319034940773676
8	0.521875725733431	0.138685335432972	0.210702093524672	0.128736703611067
9	0.183022858114264	0.167551597191003	0.138173441259952	0.511251887158528
10	0.308581687590048	0.245692488416863	0.220840797291663	0.224884907437378
