Pos	A	C	G	T
1	0.26252644963372	0.441576747022422	0.139819434637245	0.156077368706614
2	0.0769440405920383	0.0144844898639247	0.873998283485152	0.0345731860588848
3	0.0482325003227134	0.867862310739902	0.0835991267358684	0.000306062201515716
4	0.128539272907789	0.769879864911925	0.0364606823314052	0.0651201798488816
5	0.0903979315017469	0.0248839093996005	0.874997811433086	0.00972034766556653
6	0.145906067265025	0.456214475325174	0.132021269182095	0.265858188227706
7	0.211815820407552	0.593310057689149	0.0664013326030868	0.128472789300213
8	0.418633277831722	0.173641929931651	0.20997643389954	0.197748358337088
9	0.275863494034968	0.208493143662656	0.198324813060247	0.317318549242129
10	0.279059484694934	0.208810045594693	0.200622486597652	0.311507983112721
