Pos	A	C	G	T
1	0.260612574461579	0.233465640294527	0.24790234922483	0.258019436019064
2	0.281636353646997	0.21285617709934	0.237606682653289	0.267900786600374
3	0.259014740795027	0.214194605733293	0.371253446763665	0.155537206708015
4	0.203232188024338	0.525499431574119	0.140379449367727	0.130888931033816
5	0.518812243536154	0.206756557829056	0.215194453021959	0.0592367456128302
6	0.615438780348129	0.11243052526499	0.141505060209397	0.130625634177484
7	0.0301496876323712	0.867985111705369	0.0262108792385231	0.0756543214237364
8	0.826188969809211	0.00125460844195544	0.143570115361436	0.028986306387397
9	0.118495286281476	0.140453037683996	0.366820703141389	0.374230972893138
10	0.394877804147459	0.165434667835389	0.155800502794239	0.283887025222913
