Pos	A	C	G	T
1	0.1807531099907	0.553981928808499	0.128654699445813	0.136610261754989
2	0.584029157000499	0.000180856914009791	0.415694621604888	9.53644806034745e-05
3	0.000969222876691743	0.933311777979717	0.0652834992323494	0.00043549991124145
4	0.00116794195791714	0.96801074601715	9.11948539060898e-05	0.0307301171710265
5	0.0934848599734863	0.00680596544010304	0.786662645280055	0.113046529306356
6	0.496771732217494	0.241804761383409	0.0804898129800027	0.180933693419094
7	0.0987224708572553	0.822470477541582	0.000368731179870787	0.0784383204212921
8	0.270589293012381	0.550376256604598	0.0524889225165412	0.126545527866479
9	0.468198346693714	0.141018632079586	0.160596020786319	0.230187000440381
10	0.268543593527983	0.245430364733755	0.189239471940618	0.296786569797643
