Pos	A	C	G	T
1	0.205689924493205	0.280442808763306	0.274889669089141	0.238977597654347
2	0.219631343095586	0.420712804984574	0.181626145278971	0.178029706640869
3	0.608066773692225	7.42947271062653e-05	0.391617148737412	0.000241782843257178
4	0.0205990864160418	0.948846205015112	0.0267155749296198	0.00383913363922629
5	0.0322894205983321	0.911179250594626	0.0193896543133781	0.0371416744936642
6	0.0648466587263899	0.000159139418881284	0.85579031403152	0.0792038878232088
7	0.352874110546702	0.312971260238602	0.12225528593584	0.211899343278855
8	0.215542593260496	0.381136865806431	0.150378964586948	0.252941576346124
9	0.319425317617637	0.236636095450179	0.16345267500563	0.280485911926554
