Pos	A	C	G	T
1	0.234214139209147	0.234302757206035	0.21999141762388	0.311491643146452
2	0.247213987532389	0.345646769049544	0.136477145885419	0.270662117344992
3	0.381623019805853	0.195242409600356	0.139150561278672	0.283983957337089
4	0.466709386132477	0.130590202359348	0.20047219819506	0.20222839488791
5	0.124822035869245	0.454918487705373	0.122595163252911	0.297664526662452
6	0.297664526662452	0.122595163252911	0.454918487705373	0.124822035869245
7	0.20222839488791	0.20047219819506	0.130590202359348	0.466709386132477
8	0.283983957337089	0.139150561278672	0.195242409600356	0.381623019805853
9	0.270662117344992	0.136477145885419	0.345646769049544	0.247213987532389
10	0.311491643146452	0.21999141762388	0.234302757206035	0.234214139209147
