Pos	A	C	G	T
1	0.228636082308723	0.247678511165561	0.252681948986084	0.271003457539632
2	0.193819535205956	0.322765965359185	0.251370386581143	0.232044112853716
3	0.226292043720877	0.344407790861118	0.240285162212833	0.189015003205171
4	0.170262482523836	0.000110508953116317	0.794204719288426	0.035422289234622
5	0.0201749033707878	0.635517370600637	0.309339513879222	0.0349682121493532
6	5.49702030594237e-06	0.998696473196898	0.000681438620690011	0.000616591162105548
7	6.08242759806305e-06	9.16511008078809e-06	0.999893337982193	9.14144801287358e-05
8	0.208791251602252	0.488497794450777	0.000436631782398186	0.302274322164573
9	0.304405922990717	0.320013148403104	0.158913826535786	0.216667102070393
10	0.35304626544069	0.189919274727277	0.229659806543948	0.227374653288086
