Pos	A	C	G	T
1	0.277164397048727	0.283084549684009	0.195817154381267	0.243933906477441
2	0.262586095656043	0.19155709963863	0.357161735691744	0.188694989544729
3	0.128687642537888	0.828518261370999	0.00551648500974347	0.0372779185360116
4	0.861828247972118	2.73542850592714e-05	0.0700934610558426	0.0680513307770252
5	0.0289162106217998	0.823844701978298	1.38910213002221e-05	0.147224926285655
6	0.147224926285655	1.38910213002221e-05	0.823844701978298	0.0289162106217998
7	0.0680513307770252	0.0700934610558426	2.73542850592714e-05	0.861828247972118
8	0.0372779185360116	0.00551648500974347	0.828518261370999	0.128687642537888
9	0.188694989544729	0.357161735691744	0.19155709963863	0.262586095656043
10	0.243933906477441	0.195817154381267	0.283084549684009	0.277164397048727
