Pos	A	C	G	T
1	0.263722109434541	0.237561067053782	0.308283072916346	0.190433662075613
2	0.2097275965173	0.180728889020765	0.27205363420676	0.33748980372083
3	0.0693671114975422	0.849323980577659	0.0170547106790374	0.0642539360173768
4	0.806211699905431	2.07411471659969e-05	0.10641649685567	0.0873508425229515
5	0.054587315825867	0.799530515681192	1.21199261449403e-05	0.145870072154627
6	0.145870072154627	1.21199261449403e-05	0.799530515681192	0.054587315825867
7	0.0873508425229515	0.10641649685567	2.07411471659969e-05	0.806211699905431
8	0.0642539360173768	0.0170547106790374	0.849323980577659	0.0693671114975422
9	0.33748980372083	0.27205363420676	0.180728889020765	0.2097275965173
10	0.190433662075613	0.308283072916346	0.237561067053782	0.263722109434541
