Pos	A	C	G	T
1	0.218159754597517	0.119728611862666	0.0631319899831976	0.59897964355662
2	0.0682455136052982	0.0968449936886342	0.574276907260342	0.260632585445725
3	0.741832035916132	0.0455642241884727	0.162247484418467	0.0503562554769286
4	0.152087263839158	0.807913065099927	0.00249541353512568	0.0375042575257894
5	0.115208124312358	0.020020170085204	0.859834792440665	0.00493691316177307
6	0.0626877806752535	0.00115970602207953	0.0126564446425661	0.923496068660101
7	0.0516775558881421	0.866986637823643	0.00424195210575547	0.0770938541824597
8	0.980260931285144	0.00494224061189621	0.00484437769095979	0.00995245041200005
9	0.000361181648582459	0.48377781105782	0.161035644265815	0.354825363027783
10	0.263481819944241	0.341717499560136	0.207262140461062	0.18753854003456
