Pos	A	C	G	T
1	0.249633101482187	0.272331083856858	0.22248808401708	0.25554776343085
2	0.207993826151209	0.230574399105031	0.392066456832699	0.169365436855143
3	0.105898233709019	0.844263021701781	0.0122617433799581	0.0375768656403744
4	0.923118108346372	8.27916015472739e-12	0.0104187278988955	0.0664633068803252
5	0.0218527123831874	0.939507904549755	4.26284006320839e-10	0.0386397625913579
6	0.0386397625913579	4.26284006320839e-10	0.939507904549755	0.0218527123831874
7	0.0664633068803252	0.0104187278988955	8.27916015472739e-12	0.923118108346372
8	0.0375768656403744	0.0122617433799581	0.844263021701781	0.105898233709019
9	0.169365436855143	0.392066456832699	0.230574399105031	0.207993826151209
10	0.25554776343085	0.22248808401708	0.272331083856858	0.249633101482187
