Pos	A	C	G	T
1	0.244244837770422	0.260530230733815	0.29007250072083	0.205152397258647
2	0.167293579497687	0.142759263245044	0.37274933948817	0.31719768882956
3	0.0530039526248475	0.897215044501866	0.000762005398940934	0.0490191548967479
4	0.962361095205421	6.98585158848302e-06	0.0236345506753798	0.0139970617880578
5	0.0222026130422786	0.885428241796286	2.04359275112918e-11	0.0923688291480239
6	0.0923688291480239	2.04359275112918e-11	0.885428241796286	0.0222026130422786
7	0.0139970617880578	0.0236345506753798	6.98585158848302e-06	0.962361095205421
8	0.0490191548967479	0.000762005398940934	0.897215044501866	0.0530039526248475
9	0.31719768882956	0.37274933948817	0.142759263245044	0.167293579497687
10	0.205152397258647	0.29007250072083	0.260530230733815	0.244244837770422
