Pos	A	C	G	T
1	0.129704984314769	0.0263047103633541	0.822010143605172	0.0219797507536567
2	0.0152192915434615	0.0742470676585473	0.865981559788666	0.0445521146631161
3	0.00597284233114488	0.994008119058317	4.85495709503396e-11	1.8929568839747e-05
4	0.996107213011551	5.47584967140011e-11	0.00389290019243998	5.60644926008464e-11
5	2.72840387224588e-11	0.99949225793297	2.73518894992503e-11	0.000508197449875546
6	0.000508197449875546	2.73518894992503e-11	0.99949225793297	2.72840387224588e-11
7	5.60644926008464e-11	0.00389290019243998	5.47584967140011e-11	0.996107213011551
8	1.8929568839747e-05	4.85495709503396e-11	0.994008119058317	0.00597284233114488
9	0.0445521146631161	0.865981559788666	0.0742470676585473	0.0152192915434615
10	0.0219797507536567	0.822010143605172	0.0263047103633541	0.129704984314769
