Pos	A	C	G	T
1	0.158078172574968	0.09398072178965	0.615903117005167	0.132037988630215
2	0.267448628667539	0.487323174384405	0.179276177092703	0.0659520198553537
3	0.0534588216398664	0.00213595033432824	0.0015510182785935	0.942854209747212
4	0.121965422476655	0.000602744180510978	0.641454068899199	0.235977764443635
5	0.952439100850138	0.00520191158077024	0.0257652367214297	0.0165937508476625
6	0.085418956202702	0.851984253934659	0.00647253633375085	0.0561242535288877
7	0.17926553711033	0.00716256498326545	0.795418311223885	0.0181535866825195
8	0.132201370445116	0.125753833527775	0.0740193313771778	0.668025464649932
9	0.358838946668112	0.324690905999401	0.181793907925511	0.134676239406976
10	0.413771480072927	0.0802634092255405	0.359715643783057	0.146249466918476
