Pos	A	C	G	T
1	0.321942117128758	0.22601929182826	0.22601929182826	0.22601929182826
2	0.117835884891722	0.195260221200279	0.485345350586152	0.201558535935388
3	0.0212232425609129	0.936330264930803	0.0212232425609129	0.0212232425609129
4	0.936330264930803	0.0212232425609129	0.0212232425609129	0.0212232425609129
5	0.000156687903518358	0.999529928902986	0.000156687903518358	0.000156687903518358
6	0.0952782627456368	0.000156687903518358	0.904408354060868	0.000156687903518358
7	0.000156687903518358	0.000156687903518358	0.000156687903518358	0.999529928902986
8	0.000156687903518358	0.000156687903518358	0.999529928902986	0.000156687903518358
9	0.107860045272309	0.76227549261707	0.10572706049552	0.0241373942286428
10	0.312509845095257	0.315421923807155	0.239747422545948	0.132320801165181
11	0.22893344349599	0.313199662125569	0.22893344349599	0.22893344349599
12	0.22893344349599	0.22893344349599	0.313199662125569	0.22893344349599
