Pos	A	C	G	T
1	0.219217376360779	0.249650970312131	0.281480683014959	0.249650970312131
2	0.125766180821221	0.654861966295081	0.100929724260728	0.11844212862297
3	0.582055778635216	0.101146127991452	0.184300261381256	0.132497831992076
4	0.0586508436110946	0.766321625602682	0.0233734779583226	0.1516540528279
5	0.139605143612165	0.0621044742305787	0.795378446496231	0.00291193566102575
6	0.000837793093131095	0.0231736506385176	0.000424440217115479	0.975564116051236
7	0.00314970656705682	0.00150276883313859	0.989608385048838	0.00573913955096617
8	0.375271283306386	0.301162259200067	0.148064677247701	0.175501780245846
9	0.146832379446655	0.343535914283858	0.242085667200772	0.267546039068715
10	0.256522286206786	0.261704380134007	0.256522286206786	0.225251047452421
