Pos	A	C	G	T
1	0.209848159092953	0.209848159092953	0.329526055232553	0.250777627770976
2	0.428108164037178	0.210770264872182	0.20917418994451	0.151947382335565
3	2.97817795793253e-05	2.97817795793253e-05	2.97817795793253e-05	0.999910655850699
4	2.97817795793253e-05	2.97817795793253e-05	0.999910655850699	2.97817795793253e-05
5	0.999910655850699	2.97817795793253e-05	2.97817795793253e-05	2.97817795793253e-05
6	2.97817795793253e-05	0.999910655850699	2.97817795793253e-05	2.97817795793253e-05
7	2.97817795793253e-05	2.97817795793253e-05	0.999910655850699	2.97817795793253e-05
8	2.97817795793253e-05	2.97817795793253e-05	2.97817795793253e-05	0.999910655850699
9	0.277210730745838	0.598951579427489	0.083656068032124	0.0401816229839856
10	0.665467401779928	0.0980823997413735	0.138367799926761	0.0980823997413735
