Pos	A	C	G	T
1	0.205177595967629	0.220054650282753	0.18565236617731	0.389115387572309
2	0.161624113052953	0.0244168471182769	0.536610952760652	0.277348087068117
3	0.555577475177278	0.399417832687391	0.00948781239613098	0.0355168797392002
4	0.0613433470022065	0.793526330001457	0.00585026361341987	0.139280059382917
5	0.939626996638689	9.35418052863942e-07	0.00380183173211228	0.0565702362111456
6	0.236323330664424	0.0718945823976327	0.581261599252846	0.110520487685097
7	0.140427451931109	0.520448530704601	0.129630876360781	0.209493141003509
8	0.174589453517937	0.202844005511218	0.113572027364439	0.508994513606407
9	0.232235342216354	0.157236534959372	0.382891348488096	0.227636774336179
10	0.220249208363788	0.12580834413482	0.331875424296604	0.322067023204788
