Pos	A	C	G	T
1	0.208878187803396	0.213097807098665	0.358436403598679	0.219587601499259
2	0.322166802254897	0.297397441428624	0.322166802254897	0.0582689540615821
3	0.0298228402256852	0.0225396177676704	0.017553871968333	0.930083670038312
4	0.0402518087488245	0.0522037818067749	0.753821000697741	0.15372340874666
5	0.902919219315782	0.00333887222318047	0.0239419725403887	0.069799935920649
6	0.0185920656026351	0.751998935642248	0.0182239180377966	0.211185080717321
7	0.128801754199115	0.0973462716992709	0.698038621469939	0.0758133526316746
8	0.166143766762402	0.181790236986573	0.10593794291224	0.546128053338785
9	0.288506271332975	0.345404717398871	0.183959720535315	0.182129290732839
10	0.377030255682105	0.183520327540744	0.217527534543701	0.221921882233451
