Pos	A	C	G	T
1	0.101089225168266	0.133754167519901	0.476278870036821	0.288877737275012
2	0.382040024796561	0.542140601420519	0.0733707518720943	0.00244862191082542
3	0.0167314887948698	0.950789317254461	0.000107237690830076	0.0323719562598395
4	0.913768706632338	0.000222590278107175	0.0584152790797529	0.0275934240098021
5	0.0875288781219433	0.633949167804745	0.162709885995195	0.115812068078117
6	0.131352173446301	0.148099162005811	0.65059157391851	0.0699570906293784
7	0.111213459702357	0.137201605201815	0.130510203957799	0.62107473113803
8	0.220298023771507	0.263744619112652	0.331948980221137	0.184008376894705
9	0.289489681063893	0.122501056266289	0.336339024368	0.251670238301819
