Pos	A	C	G	T
1	0.256075752834014	0.252535412553091	0.236255660881885	0.255133262464759
2	0.211225731466262	0.228847367352905	0.342028495762096	0.217898549073435
3	0.136198877080923	0.721794438718209	0.037680340788949	0.104326590629307
4	0.892927301430827	1.12728175171213e-11	0.0331737660966904	0.0738987372014928
5	0.02263398180373	0.820225447166408	7.20271830599365e-12	0.157140812351437
6	0.157140812351437	7.20271830599365e-12	0.820225447166408	0.02263398180373
7	0.0738987372014928	0.0331737660966904	1.12728175171213e-11	0.892927301430827
8	0.104326590629307	0.037680340788949	0.721794438718209	0.136198877080923
9	0.217898549073435	0.342028495762096	0.228847367352905	0.211225731466262
10	0.255133262464759	0.236255660881885	0.252535412553091	0.256075752834014
