Pos	A	C	G	T
1	0.225795994542778	0.225795994542778	0.322612018359708	0.225795994542778
2	0.278230794073723	0.305133751849392	0.208317728032463	0.208317728032463
3	0.192259630197682	0.20219980733401	0.0907846884018174	0.514755876054531
4	0.0465719774838628	0.360880332791624	0.470543165136577	0.122004526575979
5	0.99980078197821	6.64066699443671e-05	6.64066699443671e-05	6.64066699443671e-05
6	6.64066699443671e-05	0.99980078197821	6.64066699443671e-05	6.64066699443671e-05
7	6.64066699443671e-05	6.64066699443671e-05	0.99980078197821	6.64066699443671e-05
8	6.64066699443671e-05	6.64066699443671e-05	6.64066699443671e-05	0.99980078197821
9	0.0242704126241767	0.0242704126241767	0.927188764115513	0.0242704126241767
10	0.0417486791344917	0.0417486791344917	0.529961985617795	0.386540658101263
11	0.159281718765137	0.52215484569263	0.159281718765137	0.159281718765137
12	0.389516712938766	0.203494429683092	0.203494429683092	0.203494429683092
