Pos	A	C	G	T
1	0.29906890193365	0.20016729705097	0.300596502063268	0.20016729705097
2	0.399664018475398	0.100462501110568	0.199884609741863	0.299988868771029
3	0.000244894188812734	0.999265315532419	0.000244894188812734	0.000244894188812734
4	0.000244894188812734	0.000244894188812734	0.999265315532419	0.000244894188812734
5	0.000244894188812734	0.000244894188812734	0.000244894188812734	0.999265315532419
6	0.000244894188812734	0.000244894188812734	0.000244894188812734	0.999265315532419
7	0.999265315532419	0.000244894188812734	0.000244894188812734	0.000244894188812734
8	0.401482385861874	0.000244894188812734	0.000244894188812734	0.598027823859358
9	0.149948304132408	0.749896500641334	0.0500775966625573	0.0500775966625573
10	0.248681359567347	0.250523313815174	0.251590823482083	0.249204501234254
