Pos	A	C	G	T
1	0.263734235059091	0.155438117568489	0.281901471782944	0.29892623713312
2	0.200035812259103	0.394522761596208	0.0771462171193778	0.328295176525807
3	0.497716972248297	0.154395968637434	0.294765647494689	0.0531214985349785
4	0.00606431032229638	0.969144381191621	0.00730529936662093	0.017485946162353
5	0.0222758253414514	0.0805105754217276	0.0289903763456311	0.868223623149273
6	0.00852261826249253	0.00241726859192699	0.0100712302343099	0.978988939382963
7	0.00536334405721128	0.00378232623526817	0.0103820712455384	0.980471940363775
8	0.250488171285879	0.0405922154827712	0.0160819703503019	0.692837926502367
9	0.149815455938203	0.150049286521335	0.0924185392993229	0.607716910877707
10	0.147759041200697	0.234835059169642	0.28388034185373	0.333525666467663
