Pos	A	C	G	T
1	0.206269536791153	0.281233066726746	0.216845202089579	0.295652194392522
2	0.307627723314095	0.200114631819378	0.283976179996783	0.208281464869745
3	0.181545059409189	0.287580805692034	0.0661221562955443	0.464751978603232
4	0.039888228150848	0.0375653185803661	0.903323957521753	0.0192224957470325
5	0.980482209057825	0.00034577897869005	0.000480967538823813	0.0186910444246606
6	0.003137644260781	0.00078150970026328	0.000354684109974482	0.995726161928981
7	0.0549939697569925	0.66329745391956	0.155589874895892	0.126118701427555
8	0.324320396278777	0.20068407485756	0.268199714035471	0.206795814828192
9	0.269225451985302	0.238781555455017	0.280212751111225	0.211780241448457
