Pos	A	C	G	T
1	0.387719291750445	0.184986269433214	0.232823720536417	0.194470718279924
2	0.108347903996385	0.710058515423101	0.0367944634168906	0.144799117163623
3	0.0853771259136956	0.0560967690705222	0.38647926490502	0.472046840110763
4	0.119975514306821	0.0403377467583263	0.0992148474087612	0.740471891526092
5	0.115329095489043	0.0305019233299788	0.0596079969158763	0.794560984265102
6	0.376333657636811	0.131693353091545	0.115639331634833	0.376333657636811
7	0.240792804877299	0.217878339850492	0.174851463405373	0.366477391866836
8	0.239297347090956	0.28649093887757	0.227626677759799	0.246585036271675
9	0.254296892277486	0.239487794150057	0.246781283307203	0.259434030265254
