Pos	A	C	G	T
1	0.185233317762812	0.270863825996951	0.21306903209292	0.330833824147318
2	0.538591261128043	0.131493438800861	0.221175599797614	0.108739700273483
3	0.241170620705548	0.0860995902916385	0.575652772028684	0.0970770169741293
4	0.769778458631876	0.0126303513931952	0.0726826539046943	0.144908536070235
5	0.196939574064303	1.47412875196669e-05	0.0280193950678691	0.775026289580308
6	0.182469716244771	0.559243076700692	0.166764764046222	0.091522443008315
7	0.184364915789663	0.132544313580754	0.150945226350728	0.532145544278856
8	0.384326140017981	0.0775941094649224	0.358343317785309	0.179736432731787
9	0.307647964952157	0.135497902228046	0.283994865383756	0.272859267436041
10	0.338169062645821	0.193165233714818	0.215626114366908	0.253039589272453
