Pos	A	C	G	T
1	0.202088844188143	0.303751462605763	0.202088844188143	0.292070853115219
2	0.617933271241252	0.18692472920161	0.0975710018272014	0.0975710018272014
3	0.0207954120739943	0.0207954120739943	0.937613767875283	0.0207954120739943
4	0.519309931866112	0.000125751070273647	0.480438570090606	0.000125751070273647
5	0.000125751070273647	0.000125751070273647	0.000125751070273647	0.999622750886444
6	0.779145963378958	0.000125751070273647	0.000125751070273647	0.220602538577761
7	0.000125751070273647	0.999622750886444	0.000125751070273647	0.000125751070273647
8	0.999622750886444	0.000125751070273647	0.000125751070273647	0.000125751070273647
9	0.048036907906448	0.048036907906448	0.048036907906448	0.855889280377922
10	0.152554750267388	0.235264199795973	0.152554750267388	0.459626303766516
11	0.229330340020596	0.312008984035478	0.229330340020596	0.229330340020596
