Pos	A	C	G	T
1	0.201886831565493	0.168630056487987	0.342992060800549	0.286491051145971
2	0.180349009170041	0.495166422550102	0.101991952539732	0.222492615740126
3	0.479384384766334	0.159573199694749	0.29076132717281	0.0702810883661068
4	0.00584875473257212	0.968965271278467	0.00652883664734152	0.018657137341619
5	0.00997167128742369	0.0830753644478125	0.0271058128553932	0.879847151409371
6	0.00621291873724011	1.1295292788851e-05	0.00483862597792588	0.988937159992045
7	0.00203791598498026	0.00112967243458371	0.00264303455490196	0.994189377025534
8	0.298420454768552	0.0652681007843217	0.0293268481192797	0.606984596327846
9	0.190905847976277	0.219593994970541	0.142847890885336	0.446652266167845
