Pos	A	C	G	T
1	0.445077522746902	0.145443565481665	0.145443565481665	0.264035349676034
2	0.655454324779567	0.0478168902474755	0.0478168902474755	0.248911898111748
3	0.924594653689466	0.0251351165656	0.0251351165656	0.0251351165656
4	0.000200939036342196	0.99939718627724	0.000200939036342196	0.000200939036342196
5	0.000200939036342196	0.000200939036342196	0.914108976393646	0.085489148919936
6	0.000200939036342196	0.000200939036342196	0.000200939036342196	0.99939718627724
7	0.000200939036342196	0.000200939036342196	0.000200939036342196	0.99939718627724
8	0.608635342553688	0.0859097042242726	0.100535113177768	0.204919843430537
9	0.295221179245777	0.190045584284838	0.104757374401244	0.409975865454406
10	0.202384049635434	0.392847854479966	0.202384049635434	0.202384049635434
11	0.225065823317309	0.225065823317309	0.324802533434341	0.225065823317309
