Pos	A	C	G	T
1	0.314440293133819	0.180821646541242	0.245015085814904	0.25972302881013
2	0.180290407239057	0.441123665490631	0.159170939606516	0.219414866654284
3	0.178426464413748	0.191721882304548	0.312533006407953	0.31731865308186
4	0.238058165032605	0.134033264026988	0.166082451720062	0.461825930417611
5	0.30288725406358	0.134654392084031	0.103779399099757	0.458678986172663
6	0.458678986172663	0.103779399099757	0.134654392084031	0.30288725406358
7	0.461825930417611	0.166082451720062	0.134033264026988	0.238058165032605
8	0.31731865308186	0.312533006407953	0.191721882304548	0.178426464413748
9	0.219414866654284	0.159170939606516	0.441123665490631	0.180290407239057
10	0.25972302881013	0.245015085814904	0.180821646541242	0.314440293133819
