Pos	A	C	G	T
1	0.260552115366983	0.239760086036917	0.22508184469068	0.274605870155207
2	0.211098565669593	0.305541763739831	0.197234076558129	0.286125740101701
3	0.375264514574711	0.224980995570455	0.223237814459673	0.176516523864748
4	0.175694007253631	0.160621654020922	0.555324478869626	0.108359703259042
5	0.874927381027375	1.99116364494302e-11	0.0773217650866158	0.0477509359862166
6	0.0477509359862166	0.0773217650866158	1.99116364494302e-11	0.874927381027375
7	0.108359703259042	0.555324478869626	0.160621654020922	0.175694007253631
8	0.176516523864748	0.223237814459673	0.224980995570455	0.375264514574711
9	0.286125740101701	0.197234076558129	0.305541763739831	0.211098565669593
10	0.274605870155207	0.22508184469068	0.239760086036917	0.260552115366983
