Pos	A	C	G	T
1	0.246946502882708	0.278431404503149	0.232565458109952	0.242056634504191
2	0.250751397226616	0.285562808313709	0.205297880293638	0.258387914166037
3	0.28174563943147	0.244937891933242	0.244937891933242	0.228378576702046
4	0.165123455593616	0.258965127498034	0.33923511098656	0.23667630592179
5	0.996181317520516	0.00216826929137984	0.00148279569325005	0.00016761749485376
6	0.183356114060162	0.223951663431049	0.109008977414306	0.483683245094483
7	0.111589945494628	0.475720716268556	0.156778025044798	0.255911313192018
8	0.249376040193102	0.225644772332169	0.249376040193102	0.275603147281626
9	0.246076145556191	0.248549251934039	0.238803496369048	0.266571106140721
