Pos	A	C	G	T
1	0.223421728442267	0.329734817444806	0.223421728442267	0.223421728442267
2	0.52769653954993	0.19048076909351	0.0984415603276227	0.183381133800543
3	0.708616572867422	6.47813203529188e-05	6.47813203529188e-05	0.291253867263476
4	6.47813203529188e-05	6.47813203529188e-05	6.47813203529188e-05	0.999805658810545
5	6.47813203529188e-05	6.47813203529188e-05	0.999805658810545	6.47813203529188e-05
6	0.999805658810545	6.47813203529188e-05	6.47813203529188e-05	6.47813203529188e-05
7	6.47813203529188e-05	6.47813203529188e-05	6.47813203529188e-05	0.999805658810545
8	6.47813203529188e-05	6.47813203529188e-05	6.47813203529188e-05	0.999805658810545
9	0.118413146121114	0.0266430535709875	0.82830074950852	0.0266430535709875
10	0.358362386581059	0.151623221685631	0.338391172819284	0.151623221685631
