Pos	A	C	G	T
1	0.321237334629992	0.276491536248563	0.189081891626365	0.213189237495079
2	0.320578058279817	0.165691197249149	0.223659721933245	0.29007102253779
3	0.139589049517019	0.146745933126604	0.106559418040122	0.607105599316255
4	0.317293235455116	0.194382210752059	0.141150455169491	0.347174098623334
5	0.632031408768327	0.128887391702925	0.148255789675418	0.0908254098533302
6	0.431608821736706	0.201848955553468	0.120003351673397	0.246538871036429
7	0.0743933110886284	0.168910000716838	0.136915785572738	0.619780902621796
8	0.297107954278008	0.113760522078111	0.475371001565771	0.113760522078111
9	0.178926598857583	0.386439630066868	0.180724841071598	0.253908930003951
10	0.217812866420263	0.260769345581744	0.296971532242958	0.224446255755035
