Pos	A	C	G	T
1	0.22752374001594	0.22752374001594	0.22752374001594	0.31742877779619
2	0.362783367924736	0.181163928526511	0.181163928526511	0.274888772866251
3	0.699079464037694	0.100306844602105	0.100306844602105	0.100306844602105
4	0.154895330799034	0.0509673932096566	0.0509673932096566	0.743169880625662
5	0.827333784644731	0.0233964745665046	0.0233964745665046	0.12587326406627
6	0.896926755117569	0.000198817742224924	0.10267560724199	0.000198817742224924
7	0.000198817742224924	0.000198817742224924	0.000198817742224924	0.999403544617334
8	0.504211359311641	0.000198817742224924	0.000198817742224924	0.495391003047918
9	0.22467315337787	0.125151866687053	0.0226750771872876	0.627499900591799
10	0.592491849995869	0.069034888676716	0.069034888676716	0.269438370494709
11	0.345159389398006	0.149891972601122	0.149891972601122	0.355056663243759
12	0.292022051290689	0.199231423993572	0.199231423993572	0.309515098566178
13	0.226802342636723	0.226802342636723	0.226802342636723	0.319592969933841
