Pos	A	C	G	T
1	0.204411468063184	0.259857905080742	0.184959144982355	0.350771481873718
2	0.0834885492726357	0.00239817849454938	0.745987980112137	0.168125292120678
3	0.0167475956929337	0.00034241038947044	0.00222166009637783	0.980688333821218
4	0.789445914769729	0.00505982210985916	0.0108192972960673	0.194674965824345
5	0.0739445384684137	0.722932120357446	0.138839047692342	0.0642842934817991
6	0.168299642709637	0.0280993369101972	0.717480649557491	0.0861203708226755
7	0.0550384957185711	0.0898402292759342	0.726350631781282	0.128770643224213
8	0.402031738704303	0.236637879390962	0.0971767065056197	0.264153675399115
9	0.294609756721872	0.285902722552001	0.173408766937745	0.246078753788381
