Pos	A	C	G	T
1	0.231738008228094	0.297557492564904	0.201463345912773	0.269241153294229
2	0.304122673873039	0.36776022100762	0.143657379085982	0.184459726033359
3	0.0780506258006833	0.0482964309694536	0.683589550069455	0.190063393160408
4	0.819312883883613	0.0118043256312506	0.000124738721654821	0.168758051763481
5	0.0790115212151562	0.162323893188174	0.0666592405568997	0.69200534503977
6	0.103465899012461	0.428050885570792	0.219037309900483	0.249445905516265
7	0.319039835876473	0.173350572110725	0.266484471169259	0.241125120843543
8	0.274621926948008	0.222604207589925	0.222604207589925	0.280169657872141
9	0.278894071032566	0.204554007518545	0.237657850416324	0.278894071032566
10	0.289032874241263	0.239018375371385	0.207792593045669	0.264156157341682
