Pos	A	C	G	T
1	0.35013825181194	0.267035192530851	0.191413275459568	0.191413275459568
2	0.175103536583646	0.254386770910371	0.397340454771905	0.173169232996008
3	0.000151543781809324	0.000151543781809324	0.000151543781809324	0.999545363916501
4	0.000151543781809324	0.0945717908908369	0.905125116807474	0.000151543781809324
5	0.999545363916501	0.000151543781809324	0.000151543781809324	0.000151543781809324
6	0.000151543781809324	0.905125116807474	0.000151543781809324	0.0945717908908369
7	0.456842329680336	0.000151543781809324	0.542854578017974	0.000151543781809324
8	0.0945717908908369	0.000151543781809324	0.456842329680336	0.448434330908946
9	0.0587382671377226	0.740470021374431	0.142053439612053	0.0587382671377226
10	0.368858504935291	0.150669923084928	0.150669923084928	0.32980164415678
