Pos	A	C	G	T
1	0.229672138588832	0.229672138588832	0.229672138588832	0.310983579974323
2	0.190949637740225	0.345493110867121	0.190949637740225	0.272607609393248
3	0.0739795745954549	0.202014017650119	0.0739795745954549	0.650026828899791
4	0.999734136683078	8.86196859149954e-05	8.86196859149954e-05	8.86196859149954e-05
5	8.86196859149954e-05	0.999734136683078	8.86196859149954e-05	8.86196859149954e-05
6	8.86196859149954e-05	0.999734136683078	8.86196859149954e-05	8.86196859149954e-05
7	0.071229114578366	8.86196859149954e-05	8.86196859149954e-05	0.928593641790625
8	0.999734136683078	8.86196859149954e-05	8.86196859149954e-05	8.86196859149954e-05
9	0.18823479085529	0.770932244820953	0.020416480032288	0.020416480032288
10	0.0591389808808947	0.822583053098135	0.0591389808808947	0.0591389808808947
11	0.260212592037772	0.279138381895522	0.176109044025664	0.284539977781859
