Pos	A	C	G	T
1	0.21473016229118	0.21473016229118	0.355809510275878	0.21473016229118
2	0.21473016229118	0.21473016229118	0.355809510275878	0.21473016229118
3	0.192226723291906	0.282240479289	0.192226723291906	0.333306071276604
4	0.191663675239336	0.195721737693849	0.0976913593366003	0.514923224879632
5	0.764683726781971	0.140716299351041	0.0472999855082022	0.0472999855082022
6	0.999561952549556	0.000146014866620457	0.000146014866620457	0.000146014866620457
7	0.000146014866620457	0.999561952549556	0.000146014866620457	0.000146014866620457
8	0.000146014866620457	0.999561952549556	0.000146014866620457	0.000146014866620457
9	0.0354158518627949	0.893752441561032	0.0354158518627949	0.0354158518627949
10	0.0354158518627949	0.893752441561032	0.0354158518627949	0.0354158518627949
11	0.0579192908620685	0.547768444880643	0.0579192908620685	0.336392970544636
12	0.245870968660213	0.152454654817374	0.24271383359872	0.358960540073108
13	0.202846028645772	0.202846028645772	0.202846028645772	0.391461911212099
