Pos	A	C	G	T
1	0.124882198970615	0.283545012434206	0.168573336181403	0.422999452413776
2	0.187635827259607	0.133553613338068	0.0979544912006894	0.580856068201636
3	0.643305857743165	6.81786076500421e-08	0.18992329580384	0.166770778274387
4	0.999976409132905	2.25444060993147e-05	2.5550506884344e-07	7.90955927029072e-07
5	0.0469739224115166	0.952978749535267	1.32944663638588e-05	3.40335868526795e-05
6	1.31744823846593e-06	0.690862924722894	0.0446092587256275	0.26452649910324
7	0.333360596443434	0.326759614367706	0.208351128949757	0.131528660239104
8	0.22619596984906	0.279053005243527	0.270805742563241	0.223945282344172
9	0.327719635149621	0.198772006524867	0.327719635149621	0.14578872317589
10	0.18641974549625	0.275338383680317	0.410756600955179	0.127485269868255
