Pos	A	C	G	T
1	0.104684848798097	0.267991267661196	0.129147401167521	0.498176482373186
2	0.183797114957248	0.0689810971917378	0.038238104308113	0.708983683542901
3	0.750620771202042	0.0344979726877216	0.119211658901742	0.0956695972084937
4	0.955866343157876	0.0366941776529277	0.000177749165752674	0.00726173002344406
5	0.000741766634437085	0.9641813551457	0.000218991887348642	0.0348578863325144
6	0.0276995248533333	0.646397900494962	0.023603978061721	0.302298596589984
7	0.380629404217257	0.314764962474981	0.16597318008519	0.138632453222572
8	0.234501971481922	0.251505282931631	0.286421354752343	0.227571390834104
9	0.41665310360012	0.164392027989089	0.257818020673136	0.161136847737656
10	0.192221992968974	0.270061825859586	0.390977853371672	0.146738327799768
