Pos	A	C	G	T
1	0.385778956328714	0.204740348780836	0.204740348780836	0.204740348780836
2	0.686587834678598	0.0758885871457353	0.0758885871457353	0.161634993701156
3	0.999532661915367	0.000155780251952437	0.000155780251952437	0.000155780251952437
4	0.000155780251952437	0.000155780251952437	0.999532661915367	0.000155780251952437
5	0.999532661915367	0.000155780251952437	0.000155780251952437	0.000155780251952437
6	0.000155780251952437	0.000155780251952437	0.000155780251952437	0.999532661915367
7	0.309281939551841	0.214129050349078	0.000155780251952437	0.476433232518355
8	0.000155780251952437	0.785559391818243	0.000155780251952437	0.214129050349078
9	0.0454154321389216	0.0454154321389216	0.571659279236623	0.337509859156758
10	0.174267193774024	0.394338856290833	0.257126758832345	0.174267193774024
