Pos	A	C	G	T
1	0.364522070769467	0.151197525908428	0.182835547365672	0.301444855956432
2	0.635950972279641	0.0606501114605428	0.0740782134181267	0.229320702841689
3	0.0268812714980023	0.00630554760115802	0.7661897210799	0.200623459820939
4	0.977091924003041	0.00105609773892144	0.0170232615688474	0.00482871668918981
5	0.00445092160440915	0.000130433883225759	5.19803860761348e-05	0.995366664126289
6	0.16611717306202	0.0977773936219757	0.200877124682762	0.535228308633242
7	0.0058917426490014	0.985896933030635	9.76419385402185e-05	0.00811368238182365
8	0.0164909370933751	0.451606381198904	0.238128623481416	0.293774058226305
9	0.242312389775429	0.295961021198095	0.204430437884788	0.257296151141688
10	0.231761509604382	0.261310372390928	0.132384274949826	0.374543843054863
