Pos	A	C	G	T
1	0.263786134692002	0.215969820715207	0.271819618486069	0.248424426106722
2	0.342392476448185	0.180540958899978	0.199528617294377	0.277537947357459
3	0.528383856560125	0.107751001208439	0.126446971274938	0.237418170956499
4	0.0716207076158624	0.0315440267565128	0.579047344877373	0.317787920750252
5	0.897320923851141	0.00015403330621574	0.0890691979868674	0.0134558448557756
6	0.00548478112791898	0.000111022453964075	0.000165626038805161	0.994238570379312
7	0.17990055232405	0.191024981199436	0.228698424275031	0.400376042201483
8	0.0150024778243899	0.923541166315771	0.0260030899621972	0.0354532658976421
9	0.0728263801729363	0.379205492341348	0.246676621554992	0.301291505930724
10	0.240323130889811	0.290610649326911	0.242738418509035	0.226327801274243
