Pos	A	C	G	T
1	0.131663465650639	0.165853868256976	0.374435707171823	0.328047129379429
2	0.241032296255144	0.124269076705787	0.463947778038104	0.170750897002582
3	0.167022679146205	0.165350720232577	0.501498225950026	0.166128534351764
4	0.182847724463169	0.124577348409788	0.167964887406993	0.524610253927101
5	0.239010752638971	0.198351013974047	0.0891375473370407	0.473500542158121
6	0.473500542158121	0.0891375473370407	0.198351013974047	0.239010752638971
7	0.524610253927101	0.167964887406993	0.124577348409788	0.182847724463169
8	0.166128534351764	0.501498225950026	0.165350720232577	0.167022679146205
9	0.170750897002582	0.463947778038104	0.124269076705787	0.241032296255144
10	0.328047129379429	0.374435707171823	0.165853868256976	0.131663465650639
