Pos	A	C	G	T
1	0.34895993017365	0.163196843734883	0.193438010593576	0.294405215497891
2	0.527508918724784	0.0854700287069718	0.145207793175833	0.241813259392411
3	0.676238520882576	0.0943060982051739	0.0844826219403908	0.144972758971859
4	0.667458288697126	0.077748316636053	0.180093633130526	0.0746997615362952
5	0.188460468010365	0.0159409021206748	0.0758599036585458	0.719738726210414
6	0.982912192315077	3.84083571727876e-05	0.009120455889465	0.00792894343828539
7	0.00617328721216625	0.00710097053280733	0.00409690360280113	0.982628838652225
8	0.0237876293404618	0.915221094408295	0.00857769878036071	0.0524135774708819
9	0.167693142271227	0.190973710103174	0.116995535414209	0.52433761221139
