Pos	A	C	G	T
1	0.300185787011637	0.196421396292633	0.30697141536744	0.196421396292633
2	0.235502325462167	0.124952306387362	0.219699318783195	0.41984604433162
3	0.575415252251964	0.0471224648701725	0.141869477266005	0.235592800576202
4	0.000179404818415144	0.000179404818415144	0.888911761434293	0.110729423893221
5	0.999461780509098	0.000179404818415144	0.000179404818415144	0.000179404818415144
6	0.000179404818415144	0.000179404818415144	0.000179404818415144	0.999461780509098
7	0.000179404818415144	0.0949264172142474	0.000179404818415144	0.904714768113266
8	0.000179404818415144	0.999461780509098	0.000179404818415144	0.000179404818415144
9	0.0537580072668673	0.646906550129316	0.245577430301293	0.0537580072668673
10	0.125227097172139	0.218477797170128	0.435158291932725	0.221136808689352
11	0.203056938689329	0.296409545704983	0.203056938689329	0.297476571880702
