Pos	A	C	G	T
1	0.256781622319153	0.241827824778855	0.239421597718632	0.26196895518336
2	0.365903605031454	0.18352849189016	0.202830351871862	0.247737551206523
3	0.111382607908635	0.0978045590907357	0.535377010980063	0.255435822020567
4	0.721787098870572	0.0405173476315428	0.140012292002711	0.0976832614951741
5	0.00057267591772341	0.00427406210968629	0.000330405262170681	0.99482285671042
6	0.252222752478736	0.214930051966525	0.141219107137306	0.391628088417433
7	0.107367951152311	0.739712598840357	0.0684608282418676	0.0844586217654639
8	0.199654085628301	0.303865842726912	0.229656863527602	0.266823208117185
9	0.251955278575538	0.267535322883813	0.257045112828711	0.223464285711938
10	0.243215838806264	0.268795071859519	0.224516516505233	0.263472572828984
