Pos	A	C	G	T
1	0.406571496410787	0.161997740940204	0.273204856054167	0.158225986826941
2	0.258135641254075	0.112894306712407	0.425075004484541	0.203895226187862
3	0.444514974153677	0.149722177015796	0.148379382424734	0.257383317523894
4	0.554183950278616	0.0756506301537546	0.144100495368952	0.226065075186185
5	0.12555500839538	0.134751354850943	0.0132562013861896	0.726437456277546
6	0.726437456277546	0.0132562013861896	0.134751354850943	0.12555500839538
7	0.226065075186185	0.144100495368952	0.0756506301537546	0.554183950278616
8	0.257383317523894	0.148379382424734	0.149722177015796	0.444514974153677
9	0.203895226187862	0.425075004484541	0.112894306712407	0.258135641254075
10	0.158225986826941	0.273204856054167	0.161997740940204	0.406571496410787
