Pos	A	C	G	T
1	0.224990693801627	0.229535807309194	0.253676298890853	0.291797199998325
2	0.251208582577435	0.234225329905302	0.207739231894041	0.306826855623223
3	0.2479918695155	0.240662602128881	0.228925348523832	0.282420179831787
4	0.183456955526623	0.284854939111134	0.20073388290103	0.330954222461213
5	0.58704752632126	0.159989114979638	0.113875504014099	0.139087854685003
6	0.316642346837368	0.486760829914382	0.0812696707743412	0.115327152473909
7	0.171357312284438	0.0903554125817286	0.541179448575108	0.197107826558725
8	0.177912480337931	0.388111141492069	0.181506550847628	0.252469827322372
9	0.349246270245211	0.222689253774175	0.147787778980134	0.280276697000479
10	0.544946146802827	0.0966104561295225	0.141271981167346	0.217171415900304
