Pos	A	C	G	T
1	0.127907051286225	0.335019848388492	0.221494800553516	0.315578310516191
2	0.247251537240493	0.352186853011309	0.239755528961701	0.160806091530922
3	0.188800529309128	0.094383461539172	0.000230623019323026	0.716585396876799
4	0.000230623019323026	0.000230623019323026	0.000230623019323026	0.999308141686453
5	0.999308141686453	0.000230623019323026	0.000230623019323026	0.000230623019323026
6	0.000230623019323026	0.000230623019323026	0.000230623019323026	0.999308141686453
7	0.000230623019323026	0.999308141686453	0.000230623019323026	0.000230623019323026
8	0.000230623019323026	0.999308141686453	0.000230623019323026	0.000230623019323026
9	0.63302928748681	0.122323574419204	0.122323574419204	0.122323574419204
10	0.308420655809795	0.198865732637371	0.198865732637371	0.293847889659886
