Pos	A	C	G	T
1	0.306176331483483	0.198774534431729	0.198774534431729	0.296274604544963
2	0.149179528324168	0.0411746336235443	0.0411746336235443	0.768471209320648
3	0.999522080757296	0.000159308044869876	0.000159308044869876	0.000159308044869876
4	0.383652127597288	0.616029261204878	0.000159308044869876	0.000159308044869876
5	0.000159308044869876	0.999522080757296	0.000159308044869876	0.000159308044869876
6	0.000159308044869876	0.000159308044869876	0.699913241699	0.299768147103166
7	0.104052933093633	0.000159308044869876	0.895628455708532	0.000159308044869876
8	0.000159308044869876	0.104052933093633	0.000159308044869876	0.895628455708532
9	0.171676064898271	0.536539982772871	0.0513847748361169	0.240399182384647
10	0.292036465111094	0.208984675644303	0.208984675644303	0.289994188492208
