Pos	A	C	G	T
1	0.158964631969862	0.477556146284297	0.146742850270698	0.216736371475143
2	0.139564850180274	0.496969854272608	0.22108104837305	0.142384247174068
3	0.0784497702769984	0.166078164958631	0.0111613682360107	0.744310696528359
4	0.0970966694969262	0.0625337915265395	0.0631622665796811	0.777207272396853
5	0.983590958314411	0.000691570707388624	0.00081972211447526	0.0148977488637247
6	0.0523897943221808	0.0202612826779816	0.00334916750163169	0.923999755498206
7	0.0335134808446172	0.936311078975254	0.022918576239482	0.00725686394064641
8	0.0473285288830931	0.725682985848324	0.0350618365564326	0.191926648712151
9	0.421617849128952	0.0537368686686944	0.300095072574222	0.224550209628132
10	0.214194582212328	0.232034220873521	0.186211824028496	0.367559372885655
