Pos	A	C	G	T
1	0.19823026205019	0.354046866124619	0.249492609775001	0.19823026205019
2	0.166196184798262	0.233496929379773	0.0754272734765385	0.524879612345427
3	0.175238296093741	0.132442255074316	0.116296939044126	0.576022509787817
4	0.914768572382417	0.00164653175332087	0.0380412503872119	0.04554364547705
5	0.0479733590201413	0.0946935450992796	0.0524912157419982	0.804841880138581
6	0.0576142473983117	0.848754420686567	0.0435439114619108	0.0500874204532107
7	0.155220929708001	0.377983088375925	0.166475717011749	0.300320264904325
8	0.26979397496422	0.210115758978952	0.239285790103773	0.280804475953055
9	0.242729100613632	0.233211556446095	0.24763255370868	0.276426789231593
10	0.351422290552489	0.190945607003516	0.172774730029288	0.284857372414707
