Pos	A	C	G	T
1	0.264272028518115	0.232056060766959	0.236743904154983	0.266928006559943
2	0.459174159866294	0.131555599423711	0.19237172567873	0.216898515031264
3	0.0569045133752339	0.0574764132424012	0.659429230608063	0.226189842774301
4	0.856223905446742	0.0175057940443129	0.0731514474092798	0.0531188530996658
5	0.0649523399012246	0.0294782814095139	0.0222792058164207	0.883290172872841
6	0.21165400997974	0.207462979782897	0.105104270856884	0.475778739380479
7	0.0251949870980051	0.894840105680897	0.0244503626971952	0.0555145445239027
8	0.146840644510266	0.383503193360466	0.212586283883701	0.257069878245567
9	0.224166061693414	0.293649571865859	0.271072719902473	0.211111646538255
10	0.221393618561545	0.292932496966191	0.225866066329097	0.259807818143167
