Pos	A	C	G	T
1	0.261769806521179	0.264400636813861	0.195872809321481	0.277956747343479
2	0.374464477314592	0.123408124126493	0.448315374099735	0.0538120244591795
3	0.00211117658203572	0.00238034494932514	0.91346532150293	0.0820431569657089
4	0.0276458354485965	0.000100206231753788	0.000137996783900168	0.97211596153575
5	0.0208196358830239	0.978378464873292	0.000260773405987947	0.000541125837696012
6	0.682119063016751	0.144778389071798	0.0472382630611353	0.125864284850316
7	0.599594460895153	0.101114499028265	0.122272667263321	0.177018372813261
8	0.247487888130878	0.268100428614745	0.273516416533587	0.210895266720791
9	0.250587931730447	0.253106382313186	0.291141639891515	0.205164046064852
