Pos	A	C	G	T
1	0.195259661627341	0.366621606336067	0.22015465372082	0.217964078315772
2	0.148446965448134	0.230494674800294	0.0484352454079917	0.572623114343579
3	0.159287963302007	0.107847010585538	0.11224833058111	0.620616695531345
4	0.973023498250874	0.00335485393566389	0.0108093146819117	0.0128123331315506
5	0.0113094309772135	0.0554586100196033	0.0212347072460167	0.911997251757167
6	0.0140077388805116	0.962573044195134	0.0112414737689781	0.0121777431553767
7	0.0486942669193345	0.581471116673572	0.0896184577697654	0.280216158637328
8	0.37949716231389	0.113165021376488	0.28396390057284	0.223373915736782
9	0.270711070233132	0.240099180640204	0.204599025523955	0.284590723602709
10	0.325799684076128	0.168390001510489	0.166714493000763	0.33909582141262
