Pos	A	C	G	T
1	0.386611190048287	0.143655706734255	0.261757763997349	0.207975339220109
2	0.10158162885763	0.450727390103871	0.151541982746205	0.296148998292294
3	0.89112792284229	0.023629312348486	0.0342089734054572	0.0510337914037672
4	0.255436909671822	0.673828380472953	0.0191628872112337	0.0515718226439908
5	0.123152474764605	0.0689528694659427	0.634871883086912	0.173022772682541
6	0.157487270289832	0.399152931844875	0.175799586197703	0.26756021166759
7	0.365084338438081	0.254710699963038	0.101507063919006	0.278697897679874
8	0.681545977480454	0.0300951405292253	0.0725563654557114	0.21580251653461
9	0.236117574201211	0.309305628382853	0.180247314405983	0.274329483009954
10	0.224900658304849	0.352714442917452	0.19748424047285	0.224900658304849
