Pos	A	C	G	T
1	0.415578271214216	0.11325829142485	0.0597202390348376	0.411443198326096
2	0.534695034812578	0.0243296691071152	0.36933221698946	0.0716430790908461
3	0.416399428505067	0.562080436008702	0.00676420653467648	0.0147559289515548
4	0.0255098612686394	0.9620487193642	0.00109315181202583	0.0113482675551347
5	0.0414084407502965	0.928420488140468	0.0266685439854358	0.00350252712379944
6	0.0101402384029396	0.000849176272491661	0.000191381111600683	0.988819204212968
7	0.831794515863395	0.0319312589613601	0.0825649647172585	0.0537092604579865
8	0.373424222212604	0.131988539721042	0.388663953820666	0.105923284245689
9	0.265649840109971	0.257798700823902	0.226371861295695	0.250179597770432
10	0.241005749609112	0.255908712859922	0.220262670400784	0.282822867130181
