Pos	A	C	G	T
1	0.227392015737373	0.227392015737373	0.227392015737373	0.317823952507828
2	0.317823952507828	0.227392015737373	0.227392015737373	0.227392015737373
3	0.558686157940163	0.0797951446604624	0.28172355245886	0.0797951446604624
4	0.0216011737110392	0.935196478586829	0.0216011737110392	0.0216011737110392
5	0.909173899936126	0.000131387671122259	0.000131387671122259	0.0905633244415769
6	0.42964483322117	0.479660454386078	0.000131387671122259	0.0905633244415769
7	0.000131387671122259	0.000131387671122259	0.99960583670658	0.000131387671122259
8	0.224315999666998	0.497175055677915	0.0920185883061101	0.186490356068923
9	0.246923983859612	0.607117447894731	0.0227393718637359	0.123219196101868
10	0.93178188412874	0.0227393718637359	0.0227393718637359	0.0227393718637359
11	0.27422794497001	0.299220424708977	0.256215387100314	0.170336242940647
12	0.314409358049738	0.228530213890069	0.228530213890069	0.228530213890069
