Pos	A	C	G	T
1	0.212622128463385	0.244573663422905	0.234983792913109	0.307820415200601
2	0.259866386540495	0.270471734959964	0.170744382865373	0.298917495634169
3	0.376201608245372	0.144044919512901	0.239876736120864	0.239876736120864
4	0.117622278621169	0.418835592128458	0.127418693299052	0.336123435951321
5	0.816156692631871	0.0676675241346657	0.0367672080504778	0.0794085751829853
6	0.213307444082966	0.687275014442852	0.0325486054616839	0.066868936012498
7	0.122451914184356	0.0572666491944718	0.637604646779839	0.182676789841333
8	0.155378503069003	0.413999222295339	0.166644715730569	0.263977558905089
9	0.377025648800019	0.247723503550331	0.098722533104312	0.276528314545338
10	0.667429208654041	0.0444086082724941	0.093077579215957	0.195084603857508
