Pos	A	C	G	T
1	0.340720347285669	0.192686023891134	0.244951944140487	0.22164168468271
2	0.183826320494808	0.291194492030463	0.321819684090444	0.203159503384285
3	0.281883728293751	0.384327354400791	0.200636472280691	0.133152445024768
4	0.343038970675666	0.124941303874067	0.472408490741159	0.0596112347091088
5	0.42109685370915	0.043071557648633	0.247859700831309	0.287971887810908
6	0.992666662405326	4.03725541335589e-05	0.0024360915257723	0.00485687351476814
7	0.00685732543642063	0.00361581575221308	0.001887621343196	0.98763923746817
8	0.0706293305689689	0.886645734347501	0.00238082128514544	0.0403441137983845
9	0.180733231339771	0.184384284799577	0.143598625394034	0.491283858466619
10	0.256588436551868	0.232170818431397	0.197842920910862	0.313397824105873
