Pos	A	C	G	T
1	0.188936659327056	0.361915884998739	0.196647310666189	0.252500145008016
2	0.197266761110869	0.352326016419098	0.240942166106001	0.209465056364032
3	0.166583355224286	0.236393033520595	0.0548990374904256	0.542124573764693
4	0.179696411172196	0.120454106617522	0.126629920725728	0.573219561484554
5	0.894344391971138	0.0256897204015618	0.0307561793175595	0.0492097083097412
6	0.0437973258695938	0.0714910854016936	0.0479219076608382	0.836789681067874
7	0.0417576010345179	0.864266780544115	0.0271636992487542	0.0668119191726129
8	0.0687518471447581	0.539424916913746	0.0928052864007691	0.299017949540727
9	0.34141110679884	0.136058826918215	0.279523772588042	0.243006293694903
10	0.274922730325614	0.236628186897805	0.21626187932338	0.272187203453201
