Pos	A	C	G	T
1	0.420326146892203	0.122858212967305	0.27894955254316	0.177866087597332
2	0.0556520934249678	0.538678918195992	0.0917547901809876	0.313914198198052
3	0.961918363250775	0.0324249953291486	0.00470642965939978	0.000950211760676332
4	0.149456719427242	0.834645303576319	0.00707810947874839	0.00881986751769066
5	0.0659575294279634	0.0206767740048747	0.80352720357985	0.109838492987312
6	0.120151804572482	0.51736880761919	0.113154708193656	0.249324679614672
7	0.433517356374963	0.219627259250186	0.101690291203437	0.245165093171414
8	0.766922332504826	0.0191515860655119	0.0393456544447083	0.174580426984954
9	0.199233483062436	0.338484201303083	0.193345243772233	0.268937071862248
10	0.199116638713819	0.425766373612371	0.183807824036772	0.191309163637038
