Pos	A	C	G	T
1	0.293411962664716	0.196679920334105	0.230806024611639	0.279102092389539
2	0.419772231359461	0.145432528595732	0.177631691547035	0.257163548497773
3	0.517612440028645	0.17058381800741	0.155901870981973	0.155901870981973
4	0.560340230857009	0.125028805480404	0.198054878121058	0.116576085541529
5	0.251452567557392	0.0436959042681009	0.12239510454037	0.582456423634137
6	0.876431035031806	0.00215083904620244	0.0501921188586936	0.0712260070632979
7	0.101169299719237	0.0468427078879934	0.0502391874413804	0.801748804951389
8	0.0909820279370862	0.79684644298361	0.0687627374827717	0.043408791596532
9	0.1958146005634	0.205854229818981	0.175417403377407	0.422913766240212
10	0.261913649175821	0.220967330802352	0.241776770899241	0.275342249122586
