Pos	A	C	G	T
1	0.971153846153846	0.00961538461538462	0.00961538461538462	0.00961538461538462
2	0.00490196078431373	0.00490196078431373	0.00490196078431373	0.985294117647059
3	0.00490196078431373	0.00490196078431373	0.00490196078431373	0.985294117647059
4	0.985294117647059	0.00490196078431373	0.00490196078431373	0.00490196078431373
5	0.00490196078431373	0.985294117647059	0.00490196078431373	0.00490196078431373
6	0.00490196078431373	0.00490196078431373	0.00490196078431373	0.985294117647059
7	0.00490196078431373	0.00490196078431373	0.00490196078431373	0.985294117647059
8	0.985294117647059	0.00490196078431373	0.00490196078431373	0.00490196078431373
9	0.971153846153846	0.00961538461538462	0.00961538461538462	0.00961538461538462
