Pos	A	C	G	T
1	0.247083636421879	0.11382620171514	0.115748737585195	0.52334128288742
2	0.0615185445056879	0.0831422640501997	0.0275386299140282	0.827800178970399
3	0.9854779962473	5.60992584823206e-07	0.00345512894753175	0.0110662898706488
4	0.0206228764950817	0.966914132223574	0.00689150484000777	0.00557138691841153
5	0.0056973266904425	0.978519539078156	0.00365148631949844	0.0121318123112618
6	0.0676382406468129	0.0113885368991771	0.00290712077364152	0.918066258678021
7	0.961691962370917	1.06978346089011e-05	0.00164000361527228	0.0366573528704345
8	0.0419923937582801	0.955549737319377	0.00154800381117689	0.000910120065731393
9	0.0133806417469193	0.902671275104416	0.00550267436170095	0.0784457845048261
10	0.20063395242131	0.18672420950132	0.31896855740687	0.293673480351048
