Pos	A	C	G	T
1	0.378823513746272	0.157129520068477	0.199750768869366	0.264296197315885
2	0.605181360970844	0.0625226057715231	0.10516475162969	0.227131281627942
3	0.0607173255833993	0.0136840249074266	0.636655750651061	0.288942898858113
4	0.913637023550785	0.0038862060137835	0.0742496722407338	0.00822709819469795
5	0.0252957005636868	0.000719379994785671	0.000741288377258597	0.973243631064269
6	0.179146535548399	0.154192852099328	0.251691493462087	0.414969118890186
7	0.00174803002500626	0.980918573736702	0.000581868648868704	0.0167515275894231
8	0.0319959478780534	0.409775424922446	0.266562640725519	0.291665986473981
9	0.238821609352419	0.285921377396719	0.213944549908324	0.261312463342537
10	0.235917939334847	0.255566852710512	0.156566999462056	0.351948208492585
