Pos	A	C	G	T
1	0.195064529480016	0.351894151401921	0.205065701768798	0.247975617349265
2	0.181513004674607	0.369195864794592	0.242578968869361	0.20671216166144
3	0.169505392790909	0.252872331331781	0.0784832120216241	0.499139063855685
4	0.181455029100914	0.147084587946478	0.131763394660927	0.539696988291681
5	0.980253847032076	7.86939946996392e-05	0.0139825701742974	0.00568488879892715
6	0.0229546038328283	0.115991686316492	0.0777515525166745	0.783302157334005
7	0.0350155095347615	0.894076276813141	0.0329763650055536	0.0379318486465439
8	0.149308402435242	0.418222664822113	0.149308402435242	0.283160530307402
9	0.289333831362316	0.210099483047941	0.251534749080266	0.249031936509476
