Pos	A	C	G	T
1	0.454430095078758	0.120186427025643	0.204188603913015	0.221194873982585
2	0.575829017498015	0.155370218003625	0.133728385938008	0.135072378560353
3	0.618194704794287	0.0853536714291194	0.225158244595098	0.0712933791814959
4	0.193101707006946	0.0127205275342447	0.0785092953250751	0.715668470133735
5	0.986505649401564	0.0017935000631919	0.00428092476600026	0.00741992576924406
6	0.00085960369417437	0.00598176803923957	0.00215699528861037	0.991001632977976
7	0.0143849495819043	0.9592795091455	0.000124454199394724	0.0262110870732015
8	0.12979745400488	0.191708346647448	0.113974551309309	0.564519648038362
9	0.251559244226113	0.241695465175222	0.223113034753783	0.283632255844882
