Pos	A	C	G	T
1	0.263501796100738	0.219822927326297	0.260877161741221	0.255798106818039
2	0.2421899502761	0.29072398473655	0.196129642080631	0.270956295165539
3	0.231419544261359	0.307098426581211	0.20903656320446	0.252445450542011
4	0.130147382202753	0.0452299784055396	0.72193565387517	0.102686910080296
5	0.0592220724870995	0.0948807532701466	0.160118503444257	0.685778396197496
6	0.685778396197496	0.160118503444257	0.0948807532701466	0.0592220724870995
7	0.102686910080296	0.72193565387517	0.0452299784055396	0.130147382202753
8	0.252445450542011	0.20903656320446	0.307098426581211	0.231419544261359
9	0.270956295165539	0.196129642080631	0.29072398473655	0.2421899502761
10	0.255798106818039	0.260877161741221	0.219822927326297	0.263501796100738
