Pos	A	C	G	T
1	0.228828767112837	0.228828767112837	0.228828767112837	0.313513692886727
2	0.313513692886727	0.228828767112837	0.228828767112837	0.228828767112837
3	0.171733420367675	0.317807072487317	0.171733420367675	0.338726081002571
4	0.147248232688828	0.624179077373447	0.0625633069149376	0.166009377248025
5	0.000157632550768637	0.000157632550768637	0.999527096572933	0.000157632550768637
6	0.000157632550768637	0.000157632550768637	0.000157632550768637	0.999527096572933
7	0.999527096572933	0.000157632550768637	0.000157632550768637	0.000157632550768637
8	0.000157632550768637	0.999527096572933	0.000157632550768637	0.000157632550768637
9	0.0213288639942411	0.0213288639942411	0.936013402242515	0.0213288639942411
10	0.0213288639942411	0.0213288639942411	0.772688468695793	0.184653797540964
11	0.571861233187819	0.0784242107394037	0.0784242107394037	0.271290339558612
12	0.18759432419214	0.271317721781035	0.18759432419214	0.353493624059923
