Pos	A	C	G	T
1	0.246205541010619	0.214040814683461	0.253703616017586	0.286050028288334
2	0.223218357422614	0.225461739210584	0.123736025985303	0.427583877381499
3	0.374372756540635	0.15069410334901	0.125870295566586	0.349062844543769
4	0.424988167360111	0.133227917532117	0.21316389440891	0.228620020698863
5	0.314246048514891	0.138403907088552	0.139794889479657	0.4075551549169
6	0.00121375365702073	0.456558916302426	0.0325806239091542	0.509646706131399
7	0.524312145508551	0.125472574491262	0.3180113915375	0.0322038884626865
8	0.266076015524137	0.207220209255466	0.195152643720681	0.331551131499716
9	0.287073584505589	0.181224858969507	0.287073584505589	0.244627972019314
10	0.289991809449849	0.232723878347303	0.235062792208772	0.242221519994076
