Pos	A	C	G	T
1	0.241586835789265	0.199782440502818	0.27512594562836	0.283504778079556
2	0.236948111722568	0.227657243371666	0.218730675179504	0.316663969726262
3	0.114873962327137	0.0345993725593657	0.80741319207595	0.0431134730375473
4	0.00860747588539788	0.0294481507259075	0.00606558573933944	0.955878787649355
5	0.962578030847005	0.0224124169750523	0.000283544879071082	0.0147260072988716
6	0.00630118586128675	0.973344273845461	0.000454179787363922	0.0199003605058885
7	0.0378336976639284	0.0251083429199865	0.891762799663106	0.0452951597529794
8	0.153948839165767	0.0232573296084549	0.739977909513726	0.0828159217120523
9	0.311514497845654	0.276288574478592	0.141379233521108	0.270817694154646
10	0.261497436093754	0.316215669374629	0.173542838885642	0.248744055645974
