Pos	A	C	G	T
1	0.248173181662472	0.245703817246348	0.229092720730503	0.277030280360677
2	0.222961152007996	0.24395835878873	0.203771149927204	0.32930933927607
3	0.11033424778516	0.0272080905290341	0.823459505218891	0.0389981564669143
4	0.00797302445519591	0.0387086814015633	0.0131452950099839	0.940172999133257
5	0.969915181826027	0.0194375862439625	0.00137328904771723	0.00927394288229366
6	0.00418517761623637	0.983924477180993	0.00329217731657706	0.00859816788619397
7	0.0748722878036696	0.0477406784835752	0.792968764945284	0.0844182687674716
8	0.199226821423373	0.0360333169777336	0.622936122603269	0.141803738995625
9	0.329714753683016	0.278168737203089	0.127514221307875	0.264602287806019
