Pos	A	C	G	T
1	0.244525799531505	0.242092727173957	0.298664485979013	0.214716987315525
2	0.246341633821346	0.182494370856602	0.306960577668252	0.2642034176538
3	0.250257924656456	0.196859855995441	0.302624294691648	0.250257924656456
4	0.183668542071945	0.109194722287088	0.615929636868464	0.0912070987725036
5	0.0333858783616048	0.120076976362416	0.105439044304909	0.74109810097107
6	0.822227669552205	0.104796180678252	0.0695480115252681	0.00342813824427499
7	0.00882715917334416	0.970521191123707	0.00233458288374803	0.0183170668192011
8	0.173513795625881	0.139248082700762	0.547990038972594	0.139248082700762
9	0.205873983475379	0.142204228180397	0.481672417262493	0.170249371081732
