Pos	A	C	G	T
1	0.230906524733619	0.18905027289216	0.235571145953363	0.344472056420858
2	0.230759682547896	0.235421337358717	0.145674813646173	0.388144166447214
3	0.0241816789591367	0.00829452184996737	0.958716372754571	0.00880742643632515
4	0.000866083356939749	0.00608742933267289	0.0045096785669849	0.988536808743402
5	0.983954351535329	0.0150530331029015	0.000780031875947465	0.000212583485822317
6	0.00130455706739001	0.998110079249799	5.02094845502104e-06	0.000580342734355973
7	0.0597631155766767	0.0647406102273031	0.750236637817685	0.125259636378335
8	0.182224956807894	0.0559938548807333	0.611088595841814	0.150692592469558
9	0.294723648608125	0.269357133503979	0.119825693550325	0.316093524337571
