Pos	A	C	G	T
1	0.0459492905782576	0.0304942581879584	0.802344774761471	0.121211676472313
2	0.110805178280449	0.0232841648386879	0.794548086418341	0.0713625704625224
3	0.0914854234257464	0.356444893881428	0.418291957868076	0.133777724824749
4	0.0549983382119469	0.877698350260761	0.0014583460791047	0.0658449654481871
5	0.00247016978672934	0.996537615772691	0.000936399467537971	5.581497304133e-05
6	0.00741104015212967	0.956203541629494	0.00283763455238639	0.0335477836659901
7	0.824730552079331	0.0606461849013382	0.0770964110229363	0.0375268519963943
8	0.0249002923427346	0.824584434345845	0.0835027481982818	0.0670125251131383
9	0.299993636748175	0.33824188092056	0.156610411136754	0.205154071194512
10	0.285810548298291	0.227086084581715	0.243551683559997	0.243551683559997
