Pos	A	C	G	T
1	0.28958728191862	0.26202940847172	0.204068708514128	0.244314601095531
2	0.257656147093295	0.279115572049353	0.151657688660865	0.311570592196488
3	0.391814129234735	0.015971207466103	0.584517994837702	0.00769666846145961
4	0.00112235448401318	0.000585920418472188	0.98774907761122	0.0105426474862947
5	0.000474532783250064	0.000373280708309085	0.00232698962669353	0.996825196881748
6	0.00113269865415963	0.996852658223533	0.000290719316697626	0.00172392380560965
7	0.984536329611467	0.00802186388745905	0.00227543399219503	0.00516637250887911
8	0.963827787994286	0.00959183903364189	0.0109234585395526	0.0156569144325192
9	0.186387956870004	0.371604564777868	0.28940592605413	0.152601552297999
10	0.212203568604357	0.254053796841824	0.398435665326797	0.135306969227023
