Pos	A	C	G	T
1	0.395164361167593	0.131538789165151	0.43672415981499	0.0365726898522658
2	0.00121753119981372	0.00627657971973591	0.989129437932745	0.00337645114770499
3	0.000890233632763332	0.00246879124865894	0.000659501295848165	0.995981473822729
4	0.0234110880990931	0.975753272505097	0.000361754223345697	0.000473885172463872
5	0.90338847413373	0.0554872167442566	0.0143845205345755	0.0267397885874373
6	0.860521766091576	0.0198368022246073	0.0780647734124577	0.0415766582713595
7	0.0617870045000189	0.783438886997624	0.0444201439552042	0.110353964547153
8	0.129820849503697	0.227273791169709	0.48113861962096	0.161766739705634
9	0.204625597923218	0.327399768434793	0.265385094436942	0.202589539205048
10	0.214304848911334	0.220831403207789	0.251489069896913	0.313374677983964
