Pos	A	C	G	T
1	0.172025811969155	0.239282421708863	0.313451466109679	0.275240300212303
2	0.169769414448152	0.052166531535076	0.580820134947976	0.197243919068796
3	0.0284316245330225	0.0219222491841211	0.904608329512463	0.0450377967703933
4	0.0289041957883512	0.121995818227877	0.79950018766955	0.0495997983142222
5	0.616227072681264	0.243134677996008	0.0291838513579176	0.111454397964811
6	0.0221233640649326	0.959712966912924	0.0174028545546999	0.000760814467443632
7	0.0233738379486465	0.974200719456482	0.00127330688272241	0.00115213571214942
8	0.797973636012351	0.0661599675174729	0.111282894657797	0.0245835018123786
9	0.0819041913435942	0.668843542826048	0.10729157902127	0.141960686809088
10	0.291469681689276	0.297357759835567	0.155234362726314	0.255938195748843
