Pos	A	C	G	T
1	0.262417482398251	0.23744515722474	0.265054821941713	0.235082538435296
2	0.262513327549976	0.230511753482447	0.252220032748455	0.254754886219121
3	0.325673271282029	0.153837160494866	0.409892382453407	0.110597185769699
4	0.0212677042972794	0.000226998854599006	0.868866676089929	0.109638620758193
5	0.0214484590468491	0.000137470326056867	0.00027407672438763	0.978139993902706
6	0.062514534008847	0.93019949453295	0.000891721936454282	0.00639424952174839
7	0.661804328740155	0.144744473569057	0.0663517367960059	0.127099460894781
8	0.537851090203769	0.0757608552818417	0.227598187340553	0.158789867173837
9	0.269181372350638	0.385825578818433	0.155304141750084	0.189688907080845
10	0.234288504236746	0.231957294669323	0.313109597175025	0.220644603918906
