Pos	A	C	G	T
1	0.278033383811195	0.239305551164807	0.210133111076357	0.272527953947642
2	0.277558153212845	0.280347659027734	0.161746528731687	0.280347659027734
3	0.386735476224056	0.110801569077591	0.44042533715285	0.0620376175455032
4	0.0436920341761663	0.00141505132393097	0.851641616721732	0.103251297778171
5	0.125506178223335	0.00100235776220705	0.000125224767975409	0.873366239246482
6	0.124085019649286	0.821364492590946	0.0274116189628028	0.0271388687969643
7	0.711339902396815	0.145060424786176	0.0473302856161164	0.0962693872008921
8	0.695699109099847	0.0663482412152871	0.0932158016281976	0.144736848056669
9	0.301585381845322	0.383390160404684	0.162236178640543	0.15278827910945
10	0.231037487638337	0.245324047993922	0.334480968117971	0.189157496249769
