Pos	A	C	G	T
1	0.148201152575214	0.221090139615671	0.181013296511768	0.449695411297347
2	0.136646325042563	0.151017544496403	0.506435017630843	0.20590111283019
3	0.0321614744078688	0.00710479060439512	0.846211466457906	0.11452226852983
4	0.111821474434297	0.0572200076552424	0.778137793502825	0.0528207244076363
5	0.189516219732036	0.282724977180763	0.409310735868914	0.118448067218286
6	0.10940571709133	0.738826522346439	0.0220886333354163	0.129679127226814
7	0.0134365535816079	0.961004288548905	0.000581571633480056	0.0249775862360066
8	0.000193265493283567	0.99855534160144	0.000294142650784398	0.000957250254491577
9	0.840592876960292	0.029198211264886	0.128266156034576	0.00194275574024504
10	0.000481921190506725	0.812426391702739	0.105638756433111	0.0814529306736433
