Pos	A	C	G	T
1	0.0924986750471389	0.277881376785057	0.166866538208064	0.462753409959741
2	0.0273139292210924	0.078838132892567	0.49146798467009	0.402379953216251
3	0.0357492889971225	0.00442172716512517	0.877020511373161	0.0828084724645916
4	0.0165130955690047	0.00734598376318687	0.957335338737687	0.0188055819301217
5	0.0399317760329229	0.124857414041405	0.826477255837917	0.00873355408775558
6	0.756463831292924	0.214574011693338	0.00723300603535656	0.0217291509783813
7	0.00237489445725059	0.948567542301274	0.047226397104016	0.00183116613745957
8	0.000721161958708684	0.995363963285929	0.0024184055600376	0.0014964691953242
9	0.862202600094948	0.0019728718616517	0.131563585974117	0.0042609420692831
10	0.0198787862362731	0.906556308099803	0.0062317247790117	0.0673331808849125
