Pos	A	C	G	T
1	0.39818849316265	0.177137363084793	0.201729056823813	0.222945086928743
2	0.408330024226585	0.172789783349673	0.161108126140027	0.257772066283714
3	0.498695894631757	0.0760960593265427	0.311686065352857	0.113521980688843
4	0.0380203531241569	0.0172553393824979	0.869676779098652	0.0750475283946936
5	0.0301645914228717	7.70476488769774e-05	0.000366655988267089	0.969391704939984
6	0.0517995982380017	0.91359045642511	0.00729640961456451	0.027313535722324
7	0.878550627459266	0.0483406845290599	0.0232958104645402	0.049812877547134
8	0.817187225511649	0.0139554237430078	0.112828417004324	0.0560289337410194
9	0.259716502034697	0.507547681003797	0.0873209716879567	0.145414845273549
10	0.199345592969744	0.207481040949278	0.3856923251317	0.207481040949278
