Pos	A	C	G	T
1	0.309149538528893	0.197122448841882	0.24809831606008	0.245629696569145
2	0.368402049948676	0.0964644810970027	0.463670823705434	0.0714626452488872
3	0.00395475880814963	0.00845636671618138	0.948535877716223	0.0390529967594458
4	0.00877625164062223	0.00286351358340393	0.00394342405904561	0.984416810716928
5	0.0303163759984899	0.964575422590184	0.0024392436919475	0.00266895771937855
6	0.806758047830018	0.103857919542037	0.0263910201664122	0.0629930124615323
7	0.746255488647397	0.034990199926024	0.153710047601094	0.0650442638254856
8	0.253016540319996	0.525029716174097	0.088540038623171	0.133413704882736
9	0.188811054718259	0.237637595333965	0.395735795063683	0.177815554884093
10	0.214240484872804	0.292100857524145	0.275090227848572	0.218568429754479
