Pos	A	C	G	T
1	0.373742636335708	0.212500420867928	0.168702664835067	0.245054191296575
2	0.509152007331789	0.0915948224922963	0.341602810956451	0.0576501548122963
3	0.0532450783012847	0.0177186630177805	0.877169129611388	0.0518673105231489
4	0.073940584955955	0.0142497431878248	0.00423838333743326	0.907571139963806
5	0.0865062469621373	0.891522247491925	0.011056930794908	0.0109144456342072
6	0.797583640602431	0.0622435256852081	0.0608138949205572	0.0793586449836469
7	0.765269030327612	0.0322298520927622	0.131377168051491	0.0711242362731884
8	0.25648865137646	0.45964162661656	0.107769861729636	0.176099770411539
9	0.331533819972487	0.195806904198547	0.30989391198532	0.162765446830799
10	0.231264195901261	0.311319224553623	0.217913590241376	0.239503090026251
