Pos	A	C	G	T
1	0.0914484656738144	0.143482596456095	0.600711608725899	0.164357564182691
2	0.0511540975375671	0.110493535506169	0.162100048211085	0.67625231785482
3	0.000341238881882778	6.58197216554179e-06	0.910300781584251	0.0893517918672943
4	0.087059630977205	3.89853459311769e-11	0.837275505505086	0.0756650699950729
5	0.0804704139804237	0.109626155911372	0.685666955103899	0.124236815870423
6	0.124236815870423	0.685666955103899	0.109626155911372	0.0804704139804237
7	0.0756650699950729	0.837275505505086	3.89853459311769e-11	0.087059630977205
8	0.0893517918672943	0.910300781584251	6.58197216554179e-06	0.000341238881882778
9	0.67625231785482	0.162100048211085	0.110493535506169	0.0511540975375671
10	0.164357564182691	0.600711608725899	0.143482596456095	0.0914484656738144
