Pos	A	C	G	T
1	0.103845900050029	0.198921061449691	0.479578728577991	0.217654309922288
2	0.0193136540977837	0.0138850443109653	0.907607767659907	0.0591935339313437
3	0.0863585051501515	0.0188876316206104	0.86135548655811	0.0333983766711285
4	0.108606561833297	0.307271532555022	0.440421325841373	0.143700579770309
5	0.0417925881716749	0.882464893099787	0.0271864586996748	0.048556060028863
6	0.00278406856228358	0.996165460146976	0.000821941026540223	0.000228530264200369
7	0.0037187403051795	0.975924261380325	0.000403889070648416	0.019953109243847
8	0.896194657922948	0.0174293861725495	0.0758044988099874	0.0105714570945153
9	0.0170867710184802	0.844128335062366	0.0498144219390769	0.0889704719800767
