Pos	A	C	G	T
1	0.147393487736041	0.224327221866891	0.207080125447626	0.421199164949442
2	0.138993983328984	0.189507887574086	0.510010159736202	0.161487969360728
3	0.00634502117749566	0.00334568159764776	0.951148724667876	0.0391605725569807
4	0.052959984828074	0.00648529058467795	0.924762201189641	0.0157925233976067
5	0.137486336124555	0.137486336124555	0.551987023746078	0.173040304004811
6	0.066609564377098	0.81962603067384	0.0299296065659043	0.0838347983831575
7	0.0126898292018068	0.973405571980425	0.0100824957112551	0.00382210310651318
8	0.00394612203875618	0.965584225716836	0.000121569803704803	0.0303480824407025
9	0.891646817134757	0.0175152181204024	0.0746693805871514	0.0161685841576893
10	0.000213250586703873	0.875427779047747	0.0606253218240104	0.0637336485415386
