Pos	A	C	G	T
1	0.282914144423059	0.236309757230671	0.224784794376333	0.255991303969937
2	0.288371784698067	0.213631072445657	0.229121072965371	0.268876069890905
3	0.3318231225008	0.171503223698856	0.335158000323758	0.161515653476585
4	0.0669309536696309	0.0238948163417456	0.715986667067145	0.193187562921479
5	0.0702917277297757	0.000267845253339339	0.00179078509011778	0.927649641926767
6	0.189645770740219	0.738896581502132	0.0343004326513198	0.0371572151063287
7	0.611432311662804	0.141996762344984	0.0896402337902858	0.156930692201926
8	0.538456136625703	0.0721470241382522	0.22558703267438	0.163809806561664
9	0.278372122317471	0.403008957211114	0.126337738882342	0.192281181589072
10	0.227395100361465	0.225132481308624	0.313152106164812	0.234320312165099
