Pos	A	C	G	T
1	0.285714285714	0.34693877551	0.244897959184	0.122448979592
2	0.313725490195686	0.215686274509784	0.196078431372804	0.274509803921726
3	0.122807017543988	0.245614035087975	0.614035087718939	0.0175438596490982
4	0.0	1.0	0.0	0.0
5	0.691176470588691	0.176470588235176	0.132352941176132	0.0
6	0.898550724637641	0.0579710144927768	0.0434782608695826	0.0
7	0.0	1.0	0.0	0.0
8	1.0	0.0	0.0	0.0
9	0.130434782609	0.101449275362	0.463768115942	0.304347826087
10	0.594202898550643	0.0579710144927652	0.0579710144927652	0.289855072463826
11	0.492753623187951	0.0869565217390913	0.144927536231986	0.275362318840972
12	0.391304347826	0.130434782609	0.246376811594	0.231884057971
