Pos	A	C	G	T
1	0.0454545454545227	0.454545454545227	0.204545454545102	0.295454545455148
2	0.113636363636	0.522727272727	0.136363636364	0.227272727273
3	0.0454545454544773	0.386363636363807	0.272727272726864	0.295454545454852
4	0.0	0.295454545455	0.431818181818	0.272727272727
5	0.0454545454545227	0.250000000000125	0.250000000000125	0.454545454545227
6	0.090909090909	0.477272727272475	0.13636363636385	0.295454545454675
7	0.113636363636	0.204545454545	0.545454545455	0.136363636364
8	0.0909090909090909	0.20454545454498	0.318181818181968	0.386363636363961
9	0.0	0.0	1.0	0.0
10	0.136363636364	0.863636363636	0.0	0.0
11	0.0	1.0	0.0	0.0
12	1.0	0.0	0.0	0.0
13	0.0	1.0	0.0	0.0
14	0.0	0.0	1.0	0.0
15	0.0	0.0227272727272932	0.0	0.977272727272707
16	0.0227272727272932	0.181818181817945	0.795454545454761	0.0
17	0.204545454545205	0.0	0.363636363636364	0.431818181818432
18	0.136363636363932	0.636363636363682	0.0454545454544773	0.181818181817909
19	0.181818181817982	0.727272727272927	0.0909090909090909	0.0
