Pos	A	C	G	T
1	0.513347022586487	0.127310061601873	0.162217659137838	0.197125256673803
2	0.264887063654894	0.0903490759753639	0.176591375769929	0.468172484599813
3	0.193018480493	0.123203285421	0.447638603696	0.23613963039
4	0.0	0.32032854209416	0.0616016427105308	0.618069815195309
5	0.0	0.0	1.0	0.0
6	0.0	1.0	0.0	0.0
7	1.0	0.0	0.0	0.0
8	0.0	0.0	0.0	1.0
9	0.0205338809034959	0.0	0.975359342915805	0.00410677618069918
10	0.129363449691871	0.338809034907661	0.334702258726665	0.197125256673803
11	0.359342915811	0.244353182752	0.17659137577	0.219712525667
