Pos	A	C	G	T
1	0.291666666667	0.25	0.0	0.458333333333
2	0.227272727273	0.272727272727	0.227272727273	0.272727272727
3	0.769230769230538	0.0769230769230538	0.115384615384931	0.0384615384614769
4	0.0	0.944444444444378	0.0	0.0555555555556222
5	0.083333333333275	0.0	0.916666666666725	0.0
6	0.0	0.0	0.0	1.0
7	0.0	1.0	0.0	0.0
8	1.0	0.0	0.0	0.0
9	0.0	0.375	0.28125	0.34375
10	0.0689655172413724	0.551724137930779	0.27586206896589	0.103448275861959
11	0.434782608695957	0.260869565216974	0.217391304347978	0.0869565217390913
