Pos	A	C	G	T
1	0.125	0.875	0.0	0.0
2	1.0	0.0	0.0	0.0
3	1.0	0.0	0.0	0.0
4	0.0	0.0	0.0	1.0
5	0.564102564102944	0.179487179486982	0.20512820512798	0.0512820512820949
6	1.0	0.0	0.0	0.0
7	0.0	0.0	0.0	1.0
8	0.025641025641	0.0	0.153846153846	0.820512820513
9	0.0769230769230923	0.10256410256399	0.820512820512918	0.0
10	0.194444444444078	0.277777777778111	0.472222222222189	0.0555555555556222
11	0.388888888889156	0.222222222222089	0.333333333333133	0.0555555555556222
12	0.117647058823882	0.4999999999995	0.264705882352735	0.117647058823882
13	0.3	0.4	0.3	0.0
