Pos	A	C	G	T
1	0.444444444444444	0.222222222222222	0.111111111111111	0.222222222222222
2	0.357142857142643	0.214285714285786	0.214285714285786	0.214285714285786
3	0.3125	0.25	0.125	0.3125
4	0.166666666667	0.444444444444	0.111111111111	0.277777777778
5	0.0	0.0384615384615192	0.961538461538481	0.0
6	0.0	0.230769230769	0.0	0.769230769231
7	0.961538461538481	0.0	0.0384615384615192	0.0
8	1.0	0.0	0.0	0.0
9	0.0	0.0	0.0	1.0
10	0.0	0.0	1.0	0.0
11	1.0	0.0	0.0	0.0
12	0.0	0.0	0.0	1.0
13	0.0	0.0	0.115384615385	0.884615384615
14	0.653846153846	0.0	0.346153846154	0.0
15	0.0	0.961538461538481	0.0384615384615192	0.0
16	0.294117647059059	0.0588235294118118	0.235294117647047	0.411764705882082
17	0.166666666667	0.5	0.0	0.333333333333
18	0.0	0.3	0.4	0.3
19	0.0	0.625	0.375	0.0
