Pos	A	C	G	T
1	0.294117647058824	0.0882352941175471	0.352941176470788	0.264705882352841
2	0.441176470588	0.0	0.205882352941	0.352941176471
3	0.411764705882082	0.0588235294118118	0.235294117647047	0.294117647059059
4	0.382352941176	0.117647058824	0.264705882353	0.235294117647
5	0.382352941176459	0.0588235294118706	0.176470588235212	0.382352941176459
6	0.294117647059	0.205882352941	0.205882352941	0.294117647059
7	0.0	0.0	1.0	0.0
8	0.0	0.0	0.0	1.0
9	1.0	0.0	0.0	0.0
10	0.0	1.0	0.0	0.0
11	0.0294117647058853	0.0588235294117706	0.852941176470573	0.0588235294117706
12	0.147058823529162	0.0294117647059324	0.441176470588485	0.382352941176421
13	0.294117647059029	0.382352941176038	0.0294117647059029	0.294117647059029
14	0.411764705882412	0.176470588235177	0.0	0.411764705882412
15	0.470588235294094	0.235294117647047	0.0588235294118118	0.235294117647047
16	0.264705882353106	0.264705882353106	0.0882352941176353	0.382352941176153
