Pos	A	C	G	T
1	0.271428571428864	0.0428571428570786	0.0285714285713857	0.657142857142671
2	0.914285714285817	0.0142857142856971	0.0285714285713943	0.0428571428570914
3	0.9	0.0	0.0285714285714	0.0714285714286
4	0.0571428571429171	0.885714285714266	0.0428571428571129	0.0142857142857043
5	0.142857142857143	0.385714285714386	0.228571428571229	0.242857142857243
6	0.142857142857	0.0285714285714	0.757142857143	0.0714285714286
7	0.185714285714	0.114285714286	0.0	0.7
8	0.0428571428571086	0.242857142857049	0.0142857142857029	0.70000000000014
9	0.40000000000012	0.0142857142857043	0.0	0.585714285714176
