Pos	A	C	G	T
1	0.232558	0.310078	0.085271	0.372093
2	0.170543	0.496124	0.108527	0.224806
3	0.325581	0.193798	0.232558	0.248062
4	0.271318	0.325581	0.077519	0.325581
5	0.232558	0.449612	0.100775	0.217054
6	0.224806	0.054264	0.333333	0.387597
7	0.170543	0.449612	0.085271	0.294574
8	0.046512	0.868217	0.007752	0.077519
9	0.813953	0.0	0.186047	0.0
10	0.0	1.0	0.0	0.0
11	0.0	1.0	0.0	0.0
12	0.0	0.007752	0.992248	0.0
13	0.937984	0.023256	0.0	0.03876
14	0.0	0.984496	0.0	0.015504
15	0.821705	0.015504	0.131783	0.031008
