Pos	A	C	G	T
1	0.130872	0.535235	0.105705	0.228188
2	0.223154	0.508389	0.075503	0.192953
3	0.310403	0.112416	0.275168	0.302013
4	0.102349	0.533557	0.105705	0.258389
5	0.068792	0.842282	0.030201	0.058725
6	0.115772	0.015101	0.558725	0.310403
7	0.010067	0.84396	0.100671	0.045302
8	0.045302	0.95302	0.0	0.001678
9	0.060403	0.0	0.939597	0.0
10	0.001678	0.97651	0.015101	0.006711
11	0.0	1.0	0.0	0.0
12	0.031879	0.0	0.954698	0.013423
13	0.016779	0.580537	0.003356	0.399329
14	0.176174	0.620805	0.028523	0.174497
15	0.513423	0.025168	0.251678	0.209732
