Pos	A	C	G	T
1	0.102521	0.57479	0.087395	0.235294
2	0.134454	0.663866	0.067227	0.134454
3	0.394958	0.095798	0.233613	0.27563
4	0.127731	0.606723	0.082353	0.183193
5	0.131092	0.680672	0.055462	0.132773
6	0.240336	0.042017	0.346218	0.371429
7	0.038655	0.74958	0.065546	0.146218
8	0.001681	0.994958	0.0	0.003361
9	0.858824	0.0	0.122689	0.018487
10	0.0	1.0	0.0	0.0
11	0.0	1.0	0.0	0.0
12	0.045378	0.0	0.954622	0.0
13	0.27563	0.515966	0.015126	0.193277
14	0.0	0.993277	0.0	0.006723
15	0.589916	0.003361	0.230252	0.176471
