Pos	A	C	G	T
1	0.137353	0.579564	0.103853	0.179229
2	0.190955	0.564489	0.053601	0.190955
3	0.293132	0.082077	0.289782	0.335008
4	0.085427	0.59129	0.078727	0.244556
5	0.112228	0.760469	0.015075	0.112228
6	0.127303	0.023451	0.519263	0.329983
7	0.018425	0.855946	0.100503	0.025126
8	0.025126	0.969849	0.005025	0.0
9	0.036851	0.0	0.949749	0.0134
10	0.0	0.973199	0.025126	0.001675
11	0.0	1.0	0.0	0.0
12	0.036851	0.0	0.961474	0.001675
13	0.030151	0.638191	0.018425	0.313233
14	0.309883	0.546064	0.036851	0.107203
15	0.564489	0.030151	0.232831	0.172529
