Pos	A	C	G	T
1	0.260943	0.348485	0.171717	0.218855
2	0.351852	0.20202	0.190236	0.255892
3	0.247475	0.237374	0.1633	0.351852
4	0.291246	0.37037	0.084175	0.254209
5	0.304714	0.154882	0.223906	0.316498
6	0.178451	0.350168	0.143098	0.328283
7	0.146465	0.690236	0.043771	0.119529
8	0.675084	0.0	0.227273	0.097643
9	0.0	1.0	0.0	0.0
10	0.001684	0.998316	0.0	0.0
11	0.0	0.0	1.0	0.0
12	0.430976	0.035354	0.094276	0.439394
13	0.0	1.0	0.0	0.0
14	0.271044	0.604377	0.040404	0.084175
15	0.587542	0.104377	0.075758	0.232323
