Pos	A	C	G	T
1	0.260067	0.072148	0.275168	0.392617
2	0.021812	0.686242	0.075503	0.216443
3	0.02349	0.966443	0.0	0.010067
4	0.733221	0.0	0.214765	0.052013
5	0.005034	0.978188	0.0	0.016779
6	0.0	0.998322	0.0	0.001678
7	0.092282	0.0	0.892617	0.015101
8	0.241611	0.503356	0.050336	0.204698
9	0.0	1.0	0.0	0.0
10	0.592282	0.036913	0.302013	0.068792
11	0.166107	0.625839	0.036913	0.171141
12	0.209732	0.582215	0.062081	0.145973
13	0.338926	0.068792	0.372483	0.219799
14	0.122483	0.568792	0.110738	0.197987
15	0.110738	0.699664	0.055369	0.134228
