Pos	A	C	G	T
1	0.227979	0.381693	0.107081	0.283247
2	0.341969	0.15544	0.241796	0.260794
3	0.176166	0.381693	0.139896	0.302245
4	0.165803	0.480138	0.100173	0.253886
5	0.221071	0.07772	0.312608	0.388601
6	0.079447	0.573402	0.119171	0.227979
7	0.096718	0.870466	0.018998	0.013817
8	0.872193	0.0	0.127807	0.0
9	0.0	1.0	0.0	0.0
10	0.0	0.998273	0.0	0.001727
11	0.0	0.0	1.0	0.0
12	0.381693	0.419689	0.015544	0.183074
13	0.115717	0.623489	0.036269	0.224525
14	0.440415	0.107081	0.115717	0.336788
15	0.286701	0.362694	0.129534	0.221071
