Pos	A	C	G	T
1	0.219713	0.030801	0.437372	0.312115
2	0.045175	0.718686	0.016427	0.219713
3	0.482546	0.098563	0.223819	0.195072
4	0.100616	0.761807	0.049281	0.088296
5	0.310062	0.067762	0.535934	0.086242
6	0.451745	0.180698	0.186858	0.180698
7	0.437372	0.059548	0.088296	0.414784
8	0.154004	0.078029	0.049281	0.718686
9	0.162218	0.550308	0.010267	0.277207
10	0.030801	0.537988	0.0	0.431211
11	0.039014	0.958932	0.002053	0.0
12	0.26694	0.039014	0.657084	0.036961
13	0.98768	0.002053	0.010267	0.0
14	0.094456	0.016427	0.75154	0.137577
