Pos	A	C	G	T
1	0.135506	0.528302	0.13036	0.205832
2	0.185249	0.564322	0.060034	0.190395
3	0.301887	0.084048	0.305317	0.308748
4	0.101201	0.586621	0.080617	0.231561
5	0.108062	0.814751	0.022298	0.054889
6	0.111492	0.013722	0.600343	0.274443
7	0.005146	0.782161	0.19211	0.020583
8	0.012007	0.982847	0.005146	0.0
9	0.042882	0.0	0.945111	0.012007
10	0.0	0.981132	0.018868	0.0
11	0.0	1.0	0.0	0.0
12	0.053173	0.0	0.945111	0.001715
13	0.013722	0.638079	0.018868	0.329331
14	0.255575	0.600343	0.02916	0.114923
15	0.502573	0.018868	0.267581	0.210978
