Pos	A	C	G	T
1	0.238596	0.457895	0.094737	0.208772
2	0.191228	0.124561	0.242105	0.442105
3	0.033333	0.585965	0.182456	0.198246
4	0.422807	0.526316	0.049123	0.001754
5	0.005263	0.0	0.994737	0.0
6	0.0	1.0	0.0	0.0
7	0.0	1.0	0.0	0.0
8	0.005263	0.0	0.994737	0.0
9	0.035088	0.908772	0.0	0.05614
10	0.0	1.0	0.0	0.0
11	0.542105	0.012281	0.264912	0.180702
12	0.149123	0.217544	0.02807	0.605263
13	0.245614	0.221053	0.064912	0.468421
14	0.250877	0.082456	0.222807	0.44386
15	0.147368	0.405263	0.135088	0.312281
