Pos	A	C	G	T
1	0.283082	0.296482	0.135678	0.284757
2	0.273032	0.145729	0.252931	0.328308
3	0.050251	0.58124	0.150754	0.217755
4	0.01675	0.921273	0.015075	0.046901
5	0.921273	0.0	0.078727	0.0
6	0.0	1.0	0.0	0.0
7	0.0	1.0	0.0	0.0
8	0.0	0.0	1.0	0.0
9	1.0	0.0	0.0	0.0
10	0.0	1.0	0.0	0.0
11	0.976549	0.0	0.023451	0.0
12	0.38526	0.358459	0.107203	0.149079
13	0.380235	0.147404	0.045226	0.427136
14	0.341709	0.150754	0.145729	0.361809
15	0.251256	0.246231	0.164154	0.338358
16	0.217755	0.293132	0.137353	0.351759
