Pos	A	C	G	T
1	0.221106	0.324958	0.177554	0.276382
2	0.338358	0.170854	0.197655	0.293132
3	0.226131	0.358459	0.154104	0.261307
4	0.257956	0.365159	0.112228	0.264657
5	0.19933	0.144054	0.19598	0.460637
6	0.293132	0.338358	0.117253	0.251256
7	0.430486	0.551089	0.011725	0.0067
8	0.889447	0.0	0.110553	0.0
9	0.0	1.0	0.0	0.0
10	0.0	1.0	0.0	0.0
11	0.0	0.0	1.0	0.0
12	0.721943	0.274707	0.0	0.00335
13	0.0	1.0	0.0	0.0
14	0.609715	0.051926	0.0134	0.324958
15	0.067002	0.177554	0.005025	0.750419
16	0.40201	0.123953	0.055276	0.41876
17	0.422111	0.108878	0.259631	0.20938
