Pos	A	C	G	T
1	0.179916	0.512552	0.096234	0.211297
2	0.175732	0.533473	0.054393	0.236402
3	0.309623	0.087866	0.313808	0.288703
4	0.127615	0.531381	0.077406	0.263598
5	0.08159	0.830544	0.0	0.087866
6	0.123431	0.0	0.535565	0.341004
7	0.0	0.830544	0.127615	0.041841
8	0.002092	0.997908	0.0	0.0
9	0.016736	0.0	0.981172	0.002092
10	0.004184	0.974895	0.002092	0.018828
11	0.006276	0.993724	0.0	0.0
12	0.027197	0.0	0.960251	0.012552
13	0.016736	0.543933	0.023013	0.416318
14	0.217573	0.447699	0.07113	0.263598
15	0.405858	0.077406	0.257322	0.259414
