Pos	A	C	G	T
1	0.062057	0.124113	0.078014	0.735816
2	0.79078	0.015957	0.001773	0.191489
3	0.0	0.0	0.0	1.0
4	0.975177	0.003546	0.015957	0.005319
5	0.382979	0.092199	0.054965	0.469858
6	0.173759	0.16844	0.056738	0.601064
7	0.806738	0.118794	0.060284	0.014184
8	0.0	0.015957	0.0	0.984043
9	1.0	0.0	0.0	0.0
10	0.230496	0.0	0.0	0.769504
11	0.521277	0.0	0.420213	0.058511
12	0.150709	0.118794	0.664894	0.065603
13	0.024823	0.0	0.001773	0.973404
14	0.239362	0.113475	0.067376	0.579787
15	0.136525	0.125887	0.079787	0.657801
