Pos	A	C	G	T
1	0.133672	0.538071	0.086294	0.241963
2	0.125212	0.680203	0.042301	0.152284
3	0.213198	0.072758	0.390863	0.323181
4	0.011844	0.715736	0.143824	0.128596
5	0.130288	0.8511	0.010152	0.00846
6	0.089679	0.0	0.888325	0.021997
7	0.0	0.993232	0.006768	0.0
8	0.0	1.0	0.0	0.0
9	0.030457	0.0	0.964467	0.005076
10	0.0	0.903553	0.003384	0.093063
11	0.0	0.993232	0.0	0.006768
12	0.2978	0.003384	0.566836	0.13198
13	0.050761	0.553299	0.076142	0.319797
14	0.199662	0.468697	0.099831	0.23181
15	0.350254	0.079526	0.360406	0.209814
