Pos	A	C	G	T
1	0.16782	0.463668	0.134948	0.233564
2	0.238754	0.441176	0.100346	0.219723
3	0.245675	0.110727	0.269896	0.373702
4	0.041522	0.49827	0.192042	0.268166
5	0.406574	0.531142	0.053633	0.008651
6	0.00173	0.0	0.99827	0.0
7	0.0	0.99654	0.0	0.00346
8	0.008651	0.991349	0.0	0.0
9	0.0	0.0	0.99827	0.00173
10	0.074394	0.83737	0.0	0.088235
11	0.0	0.99481	0.0	0.00519
12	0.468858	0.010381	0.347751	0.17301
13	0.121107	0.269896	0.084775	0.524221
14	0.257785	0.230104	0.093426	0.418685
15	0.288927	0.105536	0.292388	0.313149
