Pos	A	C	G	T
1	0.245409	0.325543	0.128548	0.300501
2	0.210351	0.340568	0.136895	0.312187
3	0.193656	0.171953	0.257095	0.377295
4	0.128548	0.342237	0.076795	0.452421
5	0.111853	0.355593	0.056761	0.475793
6	0.238731	0.003339	0.75793	0.0
7	0.0	0.949917	0.0	0.050083
8	0.0	1.0	0.0	0.0
9	0.0	0.0	1.0	0.0
10	0.9399	0.016694	0.0	0.043406
11	0.001669	0.998331	0.0	0.0
12	0.814691	0.003339	0.163606	0.018364
13	0.373957	0.260434	0.173623	0.191987
14	0.348915	0.198664	0.111853	0.340568
15	0.337229	0.146912	0.233723	0.282137
