Pos	A	C	G	T
1	0.288462	0.146853	0.272727	0.291958
2	0.134615	0.449301	0.146853	0.269231
3	0.171329	0.552448	0.055944	0.22028
4	0.204545	0.09965	0.321678	0.374126
5	0.050699	0.655594	0.246503	0.047203
6	0.054196	0.938811	0.006993	0.0
7	0.001748	0.0	0.998252	0.0
8	0.0	1.0	0.0	0.0
9	0.0	1.0	0.0	0.0
10	0.0	0.0	1.0	0.0
11	0.020979	0.734266	0.0	0.244755
12	0.073427	0.914336	0.0	0.012238
13	0.662587	0.001748	0.187063	0.148601
14	0.237762	0.195804	0.034965	0.531469
15	0.33042	0.15035	0.04021	0.479021
16	0.269231	0.122378	0.160839	0.447552
17	0.145105	0.354895	0.129371	0.370629
