Pos	A	C	G	T
1	0.155518	0.677258	0.043478	0.123746
2	0.132107	0.041806	0.506689	0.319398
3	0.023411	0.705686	0.195652	0.075251
4	0.107023	0.871237	0.008361	0.013378
5	0.01505	0.0	0.979933	0.005017
6	0.0	1.0	0.0	0.0
7	0.016722	0.983278	0.0	0.0
8	0.008361	0.0	0.991639	0.0
9	0.026756	0.66388	0.01505	0.294314
10	0.332776	0.563545	0.005017	0.098662
11	0.585284	0.01505	0.262542	0.137124
12	0.140468	0.37291	0.016722	0.4699
13	0.232441	0.369565	0.068562	0.329431
14	0.230769	0.065217	0.419732	0.284281
15	0.103679	0.56689	0.100334	0.229097
