Pos	A	C	G	T
1	0.122278	0.482412	0.123953	0.271357
2	0.132328	0.681742	0.035176	0.150754
3	0.187605	0.088777	0.326633	0.396985
4	0.031826	0.760469	0.172529	0.035176
5	0.020101	0.976549	0.0	0.00335
6	0.005025	0.0	0.98995	0.005025
7	0.0	0.998325	0.001675	0.0
8	0.001675	0.99665	0.0	0.001675
9	0.001675	0.0	0.998325	0.0
10	0.01005	0.775544	0.0	0.214405
11	0.087102	0.889447	0.00335	0.020101
12	0.59129	0.005025	0.284757	0.118928
13	0.217755	0.304858	0.041876	0.435511
14	0.338358	0.256281	0.043551	0.361809
15	0.288107	0.118928	0.20603	0.386935
