Pos	A	C	G	T
1	0.245315	0.085179	0.265758	0.403748
2	0.006814	0.836457	0.064736	0.091993
3	0.005111	0.994889	0.0	0.0
4	0.691652	0.0	0.265758	0.042589
5	0.0	1.0	0.0	0.0
6	0.0	1.0	0.0	0.0
7	0.097104	0.0	0.867121	0.035775
8	0.037479	0.9046	0.0	0.057922
9	0.011925	0.672913	0.0	0.315162
10	0.235094	0.020443	0.226576	0.517888
11	0.103918	0.657581	0.07155	0.166951
12	0.241908	0.531516	0.083475	0.143101
13	0.362862	0.098807	0.30494	0.23339
14	0.126065	0.632027	0.091993	0.149915
15	0.160136	0.608177	0.069847	0.16184
