Pos	A	C	G	T
1	0.267559	0.011706	0.563545	0.157191
2	0.919732	0.001672	0.076923	0.001672
3	0.060201	0.016722	0.919732	0.003344
4	0.981605	0.0	0.010033	0.008361
5	0.113712	0.008361	0.874582	0.003344
6	1.0	0.0	0.0	0.0
7	0.01505	0.005017	0.963211	0.016722
8	0.989967	0.0	0.005017	0.005017
9	0.026756	0.001672	0.956522	0.01505
10	0.979933	0.0	0.020067	0.0
11	0.317726	0.020067	0.635452	0.026756
12	0.892977	0.0	0.073579	0.033445
13	0.125418	0.041806	0.782609	0.050167
14	0.784281	0.040134	0.088629	0.086957
15	0.182274	0.023411	0.665552	0.128763
