Pos	A	C	G	T
1	0.287395	0.110924	0.354622	0.247059
2	0.472269	0.129412	0.383193	0.015126
3	0.0	0.010084	0.0	0.989916
4	0.0	0.013445	0.97479	0.011765
5	1.0	0.0	0.0	0.0
6	0.0	0.961345	0.001681	0.036975
7	0.057143	0.0	0.942857	0.0
8	0.0	0.003361	0.0	0.996639
9	0.144538	0.855462	0.0	0.0
10	0.976471	0.0	0.008403	0.015126
11	0.018487	0.109244	0.361345	0.510924
12	0.057143	0.77479	0.078992	0.089076
13	0.54958	0.094118	0.137815	0.218487
14	0.284034	0.119328	0.141176	0.455462
15	0.258824	0.277311	0.109244	0.354622
