Pos	A	C	G	T
1	0.309028	0.118056	0.305556	0.267361
2	0.404514	0.119792	0.168403	0.307292
3	0.258681	0.071181	0.102431	0.567708
4	0.010417	0.006944	0.817708	0.164931
5	0.223958	0.609375	0.140625	0.026042
6	0.050347	0.095486	0.0	0.854167
7	0.0	0.119792	0.803819	0.076389
8	1.0	0.0	0.0	0.0
9	0.0	0.991319	0.003472	0.005208
10	0.003472	0.006944	0.989583	0.0
11	0.003472	0.0	0.0	0.996528
12	0.0	0.0	1.0	0.0
13	0.0	0.0	0.782986	0.217014
14	0.236111	0.753472	0.003472	0.006944
15	0.612847	0.138889	0.135417	0.112847
