Pos	A	C	G	T
1	0.402337	0.15025	0.123539	0.323873
2	0.325543	0.148581	0.222037	0.30384
3	0.280467	0.105175	0.327212	0.287145
4	0.407346	0.180301	0.368948	0.043406
5	0.038397	0.03005	0.0	0.931553
6	0.003339	0.046745	0.863105	0.086811
7	0.996661	0.0	0.0	0.003339
8	0.0	0.974958	0.0	0.025042
9	0.101836	0.003339	0.894825	0.0
10	0.0	0.003339	0.0	0.996661
11	0.080134	0.919866	0.0	0.0
12	1.0	0.0	0.0	0.0
13	0.0	0.085142	0.347245	0.567613
14	0.046745	0.767947	0.075125	0.110184
15	0.602671	0.098497	0.135225	0.163606
