Pos	A	C	G	T
1	0.039604	0.009901	0.009901	0.940594
2	0.029703	0.0	0.0	0.970297
3	0.029703	0.039604	0.009901	0.920792
4	0.851485	0.0	0.118812	0.029703
5	0.0	0.861386	0.0	0.138614
6	0.069307	0.009901	0.90099	0.019802
7	0.089109	0.019802	0.39604	0.49505
8	0.0	0.0	0.019802	0.980198
9	0.009901	0.0	0.0	0.990099
10	0.029703	0.0	0.009901	0.960396
11	0.029703	0.019802	0.0	0.950495
12	0.019802	0.0	0.920792	0.059406
13	0.089109	0.0	0.910891	0.0
14	0.0	0.910891	0.019802	0.069307
15	0.059406	0.009901	0.910891	0.019802
16	0.158416	0.019802	0.80198	0.019802
17	0.346535	0.0	0.653465	0.0
18	0.940594	0.0	0.059406	0.0
19	0.960396	0.019802	0.019802	0.0
20	0.980198	0.0	0.009901	0.009901
21	0.891089	0.009901	0.009901	0.089109
