Pos	A	C	G	T
1	0.32069	0.12069	0.308621	0.25
2	0.437931	0.134483	0.410345	0.017241
3	0.0	0.0	0.0	1.0
4	0.001724	0.0	0.993103	0.005172
5	0.996552	0.0	0.003448	0.0
6	0.0	0.967241	0.0	0.032759
7	0.034483	0.001724	0.963793	0.0
8	0.0	0.0	0.0	1.0
9	0.122414	0.860345	0.010345	0.006897
10	0.968966	0.0	0.010345	0.02069
11	0.003448	0.125862	0.348276	0.522414
12	0.048276	0.748276	0.106897	0.096552
13	0.505172	0.074138	0.203448	0.217241
14	0.251724	0.163793	0.15	0.434483
15	0.231034	0.313793	0.131034	0.324138
