Pos	A	C	G	T
1	0.320072	0.117541	0.300181	0.262206
2	0.374322	0.146474	0.168174	0.311031
3	0.245931	0.065099	0.088608	0.600362
4	0.036166	0.007233	0.840868	0.115732
5	0.249548	0.694394	0.050633	0.005425
6	0.005425	0.025316	0.0	0.969259
7	0.0	0.0	0.933092	0.066908
8	1.0	0.0	0.0	0.0
9	0.0	0.983725	0.001808	0.014467
10	0.001808	0.005425	0.990958	0.001808
11	0.001808	0.0	0.0	0.998192
12	0.0	0.0	1.0	0.0
13	0.0	0.0	0.77396	0.22604
14	0.267631	0.707052	0.01085	0.014467
15	0.571429	0.137432	0.155515	0.135624
