Pos	A	C	G	T
1	0.227882	0.329759	0.284182	0.158177
2	0.396783	0.005362	0.010724	0.587131
3	0.005362	0.198391	0.434316	0.36193
4	0.147453	0.147453	0.131367	0.573727
5	0.067024	0.010724	0.053619	0.868633
6	0.0	0.005362	0.018767	0.975871
7	0.0	0.0	0.013405	0.986595
8	0.0	0.0	0.018767	0.981233
9	0.0	0.0	0.0	1.0
10	0.0	0.010724	0.005362	0.983914
11	0.0	0.0	0.013405	0.986595
12	0.0	0.0	0.008043	0.991957
13	0.0	0.037534	0.069705	0.892761
14	0.0	0.115282	0.144772	0.739946
15	0.010724	0.131367	0.117962	0.739946
16	0.024129	0.10992	0.120643	0.745308
17	0.016086	0.120643	0.227882	0.635389
18	0.115282	0.107239	0.36193	0.41555
19	0.123324	0.211796	0.27882	0.386059
