Pos	A	C	G	T
1	0.152397	0.34589	0.320205	0.181507
2	0.083904	0.450342	0.013699	0.452055
3	0.183219	0.285959	0.39726	0.133562
4	0.72774	0.152397	0.001712	0.118151
5	0.001712	0.993151	0.005137	0.0
6	0.166096	0.023973	0.799658	0.010274
7	0.0	0.119863	0.0	0.880137
8	0.035959	0.964041	0.0	0.0
9	0.969178	0.008562	0.0	0.02226
10	0.013699	0.32363	0.215753	0.446918
11	0.039384	0.830479	0.07363	0.056507
12	0.554795	0.094178	0.191781	0.159247
13	0.17637	0.315068	0.131849	0.376712
14	0.107877	0.625	0.101027	0.166096
