Pos	A	C	G	T
1	0.309677	0.077419	0.258065	0.354839
2	0.174194	0.0	0.0	0.825806
3	0.083871	0.006452	0.006452	0.903226
4	0.058065	0.019355	0.006452	0.916129
5	0.0	0.0	0.0	1.0
6	0.064516	0.245161	0.56129	0.129032
7	0.012903	0.916129	0.0	0.070968
8	0.032258	0.045161	0.0	0.922581
9	0.025806	0.077419	0.019355	0.877419
10	0.696774	0.077419	0.064516	0.16129
11	0.270968	0.03871	0.129032	0.56129
12	0.303226	0.129032	0.264516	0.303226
13	0.154839	0.0	0.025806	0.819355
14	0.103226	0.0	0.025806	0.870968
15	0.019355	0.0	0.006452	0.974194
16	0.012903	0.0	0.0	0.987097
17	0.051613	0.116129	0.780645	0.051613
18	0.019355	0.916129	0.0	0.064516
19	0.012903	0.019355	0.012903	0.954839
20	0.032258	0.154839	0.012903	0.8
21	0.658065	0.109677	0.077419	0.154839
