Pos	A	C	G	T
1	0.30662	0.120209	0.317073	0.256098
2	0.34669	0.165505	0.189895	0.297909
3	0.261324	0.095819	0.099303	0.543554
4	0.047038	0.017422	0.764808	0.170732
5	0.294425	0.534843	0.130662	0.04007
6	0.066202	0.097561	0.001742	0.834495
7	0.0	0.121951	0.787456	0.090592
8	1.0	0.0	0.0	0.0
9	0.0	0.986063	0.005226	0.008711
10	0.005226	0.013937	0.977352	0.003484
11	0.0	0.0	0.0	1.0
12	0.0	0.0	1.0	0.0
13	0.0	0.005226	0.799652	0.195122
14	0.224739	0.750871	0.003484	0.020906
15	0.547038	0.135889	0.196864	0.120209
