Pos	A	C	G	T
1	0.334477	0.133791	0.332762	0.198971
2	0.495712	0.101201	0.372213	0.030875
3	0.0	0.0	0.0	1.0
4	0.003431	0.0	0.984563	0.012007
5	0.991424	0.0	0.003431	0.005146
6	0.0	0.974271	0.001715	0.024014
7	0.060034	0.0	0.939966	0.0
8	0.006861	0.0	0.0	0.993139
9	0.12693	0.864494	0.008576	0.0
10	0.975986	0.0	0.008576	0.015437
11	0.0	0.123499	0.358491	0.51801
12	0.09777	0.696398	0.096055	0.109777
13	0.528302	0.078902	0.178388	0.214408
14	0.26072	0.125214	0.144082	0.469983
15	0.210978	0.331046	0.132075	0.325901
