Pos	A	C	G	T
1	0.291032	0.115059	0.307953	0.285956
2	0.392555	0.121827	0.162437	0.323181
3	0.252115	0.064298	0.101523	0.582064
4	0.033841	0.005076	0.847716	0.113367
5	0.287648	0.631134	0.077834	0.003384
6	0.001692	0.032149	0.0	0.966159
7	0.0	0.023689	0.903553	0.072758
8	1.0	0.0	0.0	0.0
9	0.0	0.99154	0.003384	0.005076
10	0.001692	0.003384	0.994924	0.0
11	0.0	0.0	0.0	1.0
12	0.0	0.032149	0.967851	0.0
13	0.035533	0.0	0.724196	0.240271
14	0.241963	0.707276	0.023689	0.027073
15	0.565144	0.177665	0.133672	0.123519
