Pos	A	C	G	T
1	0.405042	0.119328	0.220168	0.255462
2	0.364706	0.09916	0.280672	0.255462
3	0.376471	0.134454	0.265546	0.223529
4	0.270588	0.065546	0.164706	0.49916
5	0.07395	0.031933	0.672269	0.221849
6	0.263866	0.2	0.497479	0.038655
7	0.332773	0.154622	0.0	0.512605
8	0.0	0.485714	0.494118	0.020168
9	1.0	0.0	0.0	0.0
10	0.0	1.0	0.0	0.0
11	0.0	0.0	1.0	0.0
12	0.0	0.0	0.0	1.0
13	0.0	0.0	1.0	0.0
14	0.0	0.0	0.74958	0.25042
15	0.045378	0.954622	0.0	0.0
16	0.662185	0.084034	0.206723	0.047059
17	0.253782	0.208403	0.292437	0.245378
18	0.319328	0.196639	0.146218	0.337815
