Pos	A	C	G	T
1	0.347092	0.097561	0.268293	0.287054
2	0.34334	0.161351	0.161351	0.333959
3	0.273921	0.103189	0.146341	0.476548
4	0.150094	0.043152	0.562852	0.243902
5	0.290807	0.384615	0.225141	0.099437
6	0.166979	0.106942	0.011257	0.714822
7	0.011257	0.20075	0.673546	0.114447
8	1.0	0.0	0.0	0.0
9	0.0	1.0	0.0	0.0
10	0.011257	0.0	0.988743	0.0
11	0.001876	0.0	0.0	0.998124
12	0.0	0.0	0.998124	0.001876
13	0.0	0.0	0.677298	0.322702
14	0.290807	0.643527	0.015009	0.050657
15	0.493433	0.138837	0.155722	0.212008
