Pos	A	C	G	T
1	0.267677	0.170034	0.065657	0.496633
2	0.16835	0.259259	0.13468	0.43771
3	0.170034	0.306397	0.13468	0.388889
4	0.058923	0.461279	0.106061	0.373737
5	0.572391	0.104377	0.274411	0.048822
6	0.048822	0.0	0.951178	0.0
7	1.0	0.0	0.0	0.0
8	0.0	0.0	0.0	1.0
9	0.0	0.944444	0.0	0.055556
10	0.0	0.319865	0.072391	0.607744
11	0.410774	0.015152	0.574074	0.0
12	0.535354	0.015152	0.363636	0.085859
13	0.513468	0.040404	0.038721	0.407407
14	0.053872	0.281145	0.030303	0.63468
15	0.119529	0.505051	0.053872	0.321549
