Pos	A	C	G	T
1	0.642857	0.0	0.348214	0.008929
2	0.0625	0.227679	0.017857	0.691964
3	0.0	0.004464	0.995536	0.0
4	0.392857	0.049107	0.46875	0.089286
5	0.089286	0.200893	0.0	0.709821
6	0.138393	0.0	0.790179	0.071429
7	0.571429	0.022321	0.370536	0.035714
8	0.080357	0.084821	0.058036	0.776786
9	0.071429	0.0	0.892857	0.035714
10	0.4375	0.09375	0.334821	0.133929
11	0.142857	0.147321	0.0	0.709821
12	0.017857	0.049107	0.910714	0.022321
13	0.607143	0.0	0.357143	0.035714
14	0.075893	0.0625	0.075893	0.785714
15	0.066964	0.107143	0.785714	0.040179
