Pos	A	C	G	T
1	0.041958	0.377622	0.082168	0.498252
2	0.636364	0.027972	0.304196	0.031469
3	0.02972	0.0	0.97028	0.0
4	1.0	0.0	0.0	0.0
5	0.0	0.0	0.0	1.0
6	0.0	1.0	0.0	0.0
7	0.0	0.136364	0.034965	0.828671
8	0.361888	0.015734	0.585664	0.036713
9	0.45979	0.02972	0.47028	0.04021
10	0.63986	0.027972	0.045455	0.286713
11	0.097902	0.160839	0.087413	0.653846
12	0.09965	0.451049	0.104895	0.344406
13	0.195804	0.195804	0.181818	0.426573
14	0.276224	0.11014	0.38986	0.223776
15	0.342657	0.136364	0.31993	0.201049
