Pos	A	C	G	T
1	0.087566	0.329247	0.108581	0.474606
2	0.131349	0.364273	0.0	0.504378
3	0.073555	0.190893	0.071804	0.663748
4	0.089317	0.082312	0.052539	0.775832
5	0.02627	0.210158	0.021016	0.742557
6	0.136602	0.115587	0.138354	0.609457
7	0.227671	0.169877	0.234676	0.367776
8	0.0	0.964974	0.008757	0.02627
9	0.0	0.073555	0.0	0.926445
10	0.0	0.021016	0.0	0.978984
11	0.007005	0.089317	0.0	0.903678
12	0.164623	0.110333	0.10683	0.618214
13	0.050788	0.189142	0.143608	0.616462
14	0.09282	0.32049	0.241681	0.345009
15	0.203152	0.208406	0.126095	0.462347
