Pos	A	C	G	T
1	0.377495	0.215971	0.22686	0.179673
2	0.442831	0.176044	0.225045	0.15608
3	0.517241	0.150635	0.203267	0.128857
4	0.580762	0.127042	0.099819	0.192377
5	0.299456	0.23049	0.127042	0.343013
6	0.012704	0.537205	0.083485	0.366606
7	0.764065	0.056261	0.176044	0.00363
8	0.0	0.0	0.99274	0.00726
9	0.99637	0.0	0.00363	0.0
10	0.0	0.0	0.0	1.0
11	0.0	0.998185	0.001815	0.0
12	0.043557	0.047187	0.00726	0.901996
13	0.618875	0.076225	0.157895	0.147005
14	0.361162	0.241379	0.215971	0.181488
15	0.508167	0.161525	0.183303	0.147005
