Pos	A	C	G	T
1	0.149079	0.244556	0.063652	0.542714
2	0.296482	0.289782	0.053601	0.360134
3	0.690117	0.201005	0.092127	0.01675
4	0.0	1.0	0.0	0.0
5	0.0	0.028476	0.0	0.971524
6	0.0	0.0	0.0	1.0
7	0.0	0.0	0.0	1.0
8	0.274707	0.0	0.0	0.725293
9	0.028476	0.048576	0.0	0.922948
10	0.227806	0.229481	0.338358	0.204355
11	0.194305	0.211055	0.204355	0.390285
12	0.222781	0.224456	0.155779	0.396985
13	0.232831	0.159129	0.127303	0.480737
14	0.271357	0.179229	0.105528	0.443886
15	0.257956	0.170854	0.134003	0.437186
