Pos	A	C	G	T
1	0.300341	0.100683	0.12116	0.477816
2	0.215017	0.116041	0.146758	0.522184
3	0.102389	0.039249	0.054608	0.803754
4	0.003413	0.02901	0.013652	0.953925
5	0.0	0.008532	0.0	0.991468
6	0.0	0.013652	0.0	0.986348
7	0.0	0.0	1.0	0.0
8	0.0	0.0	0.0	1.0
9	0.0	0.993174	0.0	0.006826
10	0.027304	0.100683	0.593857	0.278157
11	0.008532	0.02901	0.039249	0.923208
12	0.141638	0.127986	0.042662	0.687713
13	0.143345	0.0	0.0	0.856655
14	0.21843	0.073379	0.017065	0.691126
15	0.134812	0.356655	0.28157	0.226962
16	0.09727	0.206485	0.09727	0.598976
17	0.255973	0.105802	0.317406	0.320819
