Pos	A	C	G	T
1	0.300501	0.105175	0.136895	0.457429
2	0.280467	0.131886	0.15025	0.437396
3	0.161937	0.101836	0.070117	0.66611
4	0.026711	0.076795	0.03005	0.866444
5	0.0	0.010017	0.008347	0.981636
6	0.0	0.003339	0.0	0.996661
7	0.0	0.0	1.0	0.0
8	0.0	0.0	0.110184	0.889816
9	0.03172	0.8798	0.0	0.088481
10	0.080134	0.09182	0.457429	0.370618
11	0.006678	0.071786	0.100167	0.821369
12	0.023372	0.180301	0.065109	0.731219
13	0.186978	0.0	0.006678	0.806344
14	0.217028	0.028381	0.006678	0.747913
15	0.065109	0.397329	0.430718	0.106845
16	0.025042	0.27379	0.023372	0.677796
17	0.183639	0.100167	0.42571	0.290484
