Pos	A	C	G	T
1	0.269565	0.142029	0.127536	0.46087
2	0.228986	0.104348	0.13913	0.527536
3	0.136232	0.06087	0.066667	0.736232
4	0.014493	0.046377	0.023188	0.915942
5	0.0	0.0	0.031884	0.968116
6	0.0	0.0	0.0	1.0
7	0.0	0.0	1.0	0.0
8	0.0	0.0	0.0	1.0
9	0.0	0.997101	0.0	0.002899
10	0.023188	0.046377	0.788406	0.142029
11	0.0	0.02029	0.055072	0.924638
12	0.043478	0.208696	0.066667	0.681159
13	0.110145	0.0	0.0	0.889855
14	0.295652	0.06087	0.014493	0.628986
15	0.127536	0.336232	0.35942	0.176812
16	0.031884	0.252174	0.055072	0.66087
17	0.217391	0.06087	0.431884	0.289855
