Pos	A	C	G	T
1	0.427203	0.09387	0.070881	0.408046
2	0.980843	0.007663	0.0	0.011494
3	0.998084	0.0	0.0	0.001916
4	1.0	0.0	0.0	0.0
5	0.007663	0.003831	0.988506	0.0
6	0.126437	0.52682	0.095785	0.250958
7	0.063218	0.252874	0.005747	0.678161
8	0.626437	0.051724	0.155172	0.166667
9	0.0	1.0	0.0	0.0
10	0.0	0.005747	0.0	0.994253
11	0.005747	0.005747	0.0	0.988506
12	0.001916	0.01341	0.003831	0.980843
13	0.377395	0.084291	0.019157	0.519157
14	0.199234	0.109195	0.153257	0.538314
15	0.241379	0.245211	0.180077	0.333333
