Pos	A	C	G	T
1	0.187291	0.132107	0.095318	0.585284
2	0.061873	0.113712	0.035117	0.789298
3	0.0	0.023411	0.003344	0.973244
4	0.0	0.005017	0.0	0.994983
5	0.0	0.0	1.0	0.0
6	0.0	0.0	0.001672	0.998328
7	0.0	0.949833	0.0	0.050167
8	0.071906	0.065217	0.0	0.862876
9	0.0	0.264214	0.056856	0.67893
10	0.311037	0.098662	0.073579	0.516722
11	0.23913	0.075251	0.008361	0.677258
12	0.143813	0.210702	0.115385	0.5301
13	0.098662	0.269231	0.135452	0.496656
14	0.195652	0.147157	0.198997	0.458194
15	0.247492	0.187291	0.229097	0.33612
