Pos	A	C	G	T
1	0.152429	0.01005	0.065327	0.772194
2	0.157454	0.055276	0.324958	0.462312
3	0.0134	0.969849	0.0	0.01675
4	0.01675	0.911223	0.0	0.072027
5	0.743719	0.058626	0.135678	0.061977
6	0.765494	0.015075	0.055276	0.164154
7	0.907873	0.0	0.0	0.092127
8	0.763819	0.001675	0.001675	0.232831
9	0.690117	0.046901	0.045226	0.217755
10	0.170854	0.167504	0.040201	0.621441
11	0.107203	0.0	0.874372	0.018425
12	0.0067	0.0	0.98995	0.00335
13	0.472362	0.393635	0.033501	0.100503
14	0.914573	0.021776	0.00335	0.060302
15	0.792295	0.01675	0.046901	0.144054
