Pos	A	C	G	T
1	0.0	0.0	1.0	0.0
2	0.994828	0.0	0.0	0.005172
3	0.939655	0.006897	0.006897	0.046552
4	0.07069	0.241379	0.572414	0.115517
5	0.318966	0.263793	0.186207	0.231034
6	0.086207	0.034483	0.003448	0.875862
7	0.005172	0.0	0.003448	0.991379
8	0.0	0.998276	0.001724	0.0
9	0.001724	0.137931	0.037931	0.822414
10	0.786207	0.02931	0.184483	0.0
11	0.0	0.001724	0.998276	0.0
12	0.986207	0.0	0.0	0.013793
13	0.777586	0.027586	0.086207	0.108621
14	0.237931	0.201724	0.384483	0.175862
15	0.32069	0.327586	0.15	0.201724
16	0.341379	0.113793	0.125862	0.418966
