Pos	A	C	G	T
1	0.13913	0.117391	0.104348	0.63913
2	0.178261	0.086957	0.086957	0.647826
3	0.221739	0.069565	0.186957	0.521739
4	0.208696	0.669565	0.073913	0.047826
5	0.091304	0.613043	0.0	0.295652
6	0.443478	0.217391	0.13913	0.2
7	0.508696	0.095652	0.152174	0.243478
8	0.708696	0.013043	0.052174	0.226087
9	0.569565	0.026087	0.034783	0.369565
10	0.66087	0.043478	0.056522	0.23913
11	0.456522	0.013043	0.06087	0.469565
12	0.086957	0.0	0.913043	0.0
13	0.0	0.0	1.0	0.0
14	0.969565	0.0	0.0	0.030435
15	1.0	0.0	0.0	0.0
16	0.947826	0.0	0.034783	0.017391
17	0.056522	0.208696	0.63913	0.095652
18	0.3	0.082609	0.078261	0.53913
