Pos	A	C	G	T
1	0.413265	0.139456	0.295918	0.151361
2	0.064626	0.032313	0.901361	0.001701
3	0.008503	0.991497	0.0	0.0
4	0.045918	0.0	0.857143	0.096939
5	0.222789	0.170068	0.282313	0.32483
6	0.491497	0.112245	0.258503	0.137755
7	0.607143	0.066327	0.192177	0.134354
8	0.75	0.034014	0.215986	0.0
9	0.501701	0.086735	0.086735	0.32483
10	0.161565	0.227891	0.132653	0.477891
11	0.302721	0.268707	0.239796	0.188776
12	0.085034	0.886054	0.0	0.028912
13	0.0	0.0	0.981293	0.018707
14	0.008503	0.87585	0.061224	0.054422
15	0.168367	0.343537	0.134354	0.353741
