Pos	A	C	G	T
1	0.616071	0.071429	0.272321	0.040179
2	0.0	0.0	1.0	0.0
3	1.0	0.0	0.0	0.0
4	0.96875	0.0	0.0	0.03125
5	0.0625	0.1875	0.638393	0.111607
6	0.160714	0.433036	0.209821	0.196429
7	0.075893	0.017857	0.0	0.90625
8	0.004464	0.0	0.0	0.995536
9	0.0	1.0	0.0	0.0
10	0.0	0.040179	0.022321	0.9375
11	0.897321	0.008929	0.09375	0.0
12	0.0	0.0	1.0	0.0
13	1.0	0.0	0.0	0.0
14	0.90625	0.008929	0.026786	0.058036
15	0.205357	0.15625	0.495536	0.142857
16	0.348214	0.392857	0.151786	0.107143
17	0.348214	0.102679	0.111607	0.4375
