Pos	A	C	G	T
1	0.056856	0.826087	0.006689	0.110368
2	0.056856	0.010033	0.847826	0.085284
3	0.006689	0.351171	0.64214	0.0
4	0.028428	0.971572	0.0	0.0
5	0.038462	0.0	0.936455	0.025084
6	0.19398	0.183946	0.468227	0.153846
7	0.498328	0.157191	0.177258	0.167224
8	0.409699	0.023411	0.284281	0.282609
9	0.376254	0.058528	0.192308	0.37291
10	0.314381	0.147157	0.0301	0.508361
11	0.182274	0.143813	0.235786	0.438127
12	0.250836	0.188963	0.428094	0.132107
13	0.075251	0.832776	0.001672	0.090301
14	0.0	0.0	1.0	0.0
15	0.001672	0.06689	0.928094	0.003344
