Pos	A	C	G	T
1	0.608333	0.08125	0.23125	0.079167
2	0.210417	0.46875	0.08125	0.239583
3	0.310417	0.0625	0.608333	0.01875
4	0.0	0.0	1.0	0.0
5	0.0	0.0	0.0	1.0
6	0.866667	0.0	0.029167	0.104167
7	1.0	0.0	0.0	0.0
8	0.935417	0.00625	0.016667	0.041667
9	0.791667	0.00625	0.0	0.202083
10	0.658333	0.064583	0.066667	0.210417
11	0.397917	0.147917	0.152083	0.302083
12	0.310417	0.085417	0.29375	0.310417
13	0.341667	0.095833	0.195833	0.366667
14	0.43125	0.097917	0.208333	0.2625
15	0.516667	0.085417	0.110417	0.2875
16	0.470833	0.10625	0.114583	0.308333
