Pos	A	C	G	T
1	0.586066	0.02459	0.340164	0.04918
2	0.114754	0.692623	0.098361	0.094262
3	0.327869	0.040984	0.581967	0.04918
4	0.0	0.0	1.0	0.0
5	0.0	0.0	0.0	1.0
6	0.67623	0.0	0.032787	0.290984
7	1.0	0.0	0.0	0.0
8	0.872951	0.040984	0.061475	0.02459
9	0.815574	0.0	0.004098	0.180328
10	0.782787	0.102459	0.032787	0.081967
11	0.446721	0.188525	0.086066	0.278689
12	0.372951	0.102459	0.258197	0.266393
13	0.381148	0.057377	0.29918	0.262295
14	0.430328	0.135246	0.122951	0.311475
15	0.569672	0.053279	0.07377	0.303279
