Pos	A	C	G	T
1	0.163511	0.027539	0.216867	0.592083
2	0.309811	0.039587	0.254733	0.395869
3	0.067126	0.913941	0.0	0.018933
4	0.0	0.929432	0.0	0.070568
5	0.30809	0.383821	0.211704	0.096386
6	0.72117	0.013769	0.16179	0.10327
7	0.939759	0.0	0.022375	0.037866
8	0.724613	0.0	0.0	0.275387
9	0.736661	0.111876	0.056799	0.094664
10	0.292599	0.211704	0.251291	0.244406
11	0.036145	0.0	0.963855	0.0
12	0.0	0.0	1.0	0.0
13	0.533563	0.166954	0.008606	0.290878
14	0.903614	0.046472	0.0	0.049914
15	0.869191	0.024096	0.051635	0.055077
