Pos	A	C	G	T
1	0.088517	0.019139	0.035885	0.856459
2	0.363636	0.028708	0.105263	0.502392
3	0.059809	0.940191	0.0	0.0
4	0.0	0.851675	0.0	0.148325
5	0.332536	0.322967	0.083732	0.260766
6	0.698565	0.055024	0.141148	0.105263
7	0.980861	0.009569	0.009569	0.0
8	0.686603	0.0	0.0	0.313397
9	0.562201	0.095694	0.184211	0.157895
10	0.452153	0.055024	0.198565	0.294258
11	0.145933	0.0	0.854067	0.0
12	0.0	0.0	1.0	0.0
13	0.667464	0.066986	0.026316	0.239234
14	0.966507	0.007177	0.0	0.026316
15	0.861244	0.009569	0.045455	0.083732
