Pos	A	C	G	T
1	0.234234	0.358559	0.115315	0.291892
2	0.187387	0.216216	0.363964	0.232432
3	0.097297	0.14955	0.059459	0.693694
4	0.037838	0.803604	0.045045	0.113514
5	0.138739	0.001802	0.859459	0.0
6	0.028829	0.94955	0.0	0.021622
7	0.0	1.0	0.0	0.0
8	0.0	0.0	1.0	0.0
9	0.0	0.0	1.0	0.0
10	0.792793	0.100901	0.028829	0.077477
11	0.241441	0.027027	0.700901	0.030631
12	0.574775	0.104505	0.113514	0.207207
13	0.36036	0.178378	0.073874	0.387387
14	0.272072	0.115315	0.252252	0.36036
15	0.181982	0.237838	0.207207	0.372973
