Pos	A	C	G	T
1	0.392617	0.142617	0.216443	0.248322
2	0.211409	0.110738	0.486577	0.191275
3	0.436242	0.11745	0.154362	0.291946
4	0.657718	0.080537	0.075503	0.186242
5	0.169463	0.119128	0.057047	0.654362
6	0.221477	0.506711	0.162752	0.10906
7	0.241611	0.169463	0.419463	0.169463
8	0.709732	0.053691	0.102349	0.134228
9	0.919463	0.0	0.033557	0.04698
10	0.0	0.0	0.67953	0.32047
11	1.0	0.0	0.0	0.0
12	0.0	0.0	0.0	1.0
13	0.041946	0.036913	0.006711	0.91443
14	0.0	1.0	0.0	0.0
15	0.072148	0.419463	0.04698	0.461409
