Pos	A	C	G	T
1	0.485612	0.122302	0.143885	0.248201
2	0.464029	0.125899	0.122302	0.28777
3	0.420863	0.118705	0.115108	0.345324
4	0.384892	0.122302	0.183453	0.309353
5	0.183453	0.28777	0.104317	0.42446
6	0.589928	0.02518	0.302158	0.082734
7	0.52518	0.0	0.205036	0.269784
8	0.280576	0.640288	0.079137	0.0
9	0.021583	0.902878	0.068345	0.007194
10	0.0	0.0	1.0	0.0
11	0.0	0.0	0.0	1.0
12	0.003597	0.0	0.0	0.996403
13	1.0	0.0	0.0	0.0
14	0.007194	0.971223	0.0	0.021583
15	0.521583	0.017986	0.280576	0.179856
16	0.442446	0.086331	0.082734	0.388489
17	0.496403	0.079137	0.064748	0.359712
