Pos	A	C	G	T
1	0.865385	0.028846	0.019231	0.086538
2	0.817308	0.019231	0.038462	0.125
3	0.836538	0.009615	0.009615	0.144231
4	0.0	0.817308	0.048077	0.134615
5	0.086538	0.846154	0.048077	0.019231
6	0.067308	0.721154	0.048077	0.163462
7	0.115385	0.019231	0.009615	0.855769
8	0.990385	0.0	0.009615	0.0
9	1.0	0.0	0.0	0.0
10	0.971154	0.028846	0.0	0.0
11	0.019231	0.980769	0.0	0.0
12	0.009615	0.990385	0.0	0.0
13	0.0	0.980769	0.0	0.019231
14	0.048077	0.0	0.0	0.951923
15	0.951923	0.0	0.038462	0.009615
16	0.951923	0.0	0.028846	0.019231
17	0.932692	0.0	0.019231	0.048077
18	0.067308	0.769231	0.009615	0.153846
19	0.134615	0.721154	0.009615	0.134615
20	0.038462	0.730769	0.009615	0.221154
21	0.105769	0.096154	0.048077	0.75
