Pos	A	C	G	T
1	0.153199	0.306397	0.195286	0.345118
2	0.141414	0.356902	0.084175	0.417508
3	0.260943	0.439394	0.06734	0.232323
4	0.180135	0.537037	0.06734	0.215488
5	0.011785	0.843434	0.0	0.144781
6	0.983165	0.015152	0.0	0.001684
7	0.880471	0.102694	0.003367	0.013468
8	0.0	1.0	0.0	0.0
9	0.06229	0.525253	0.021886	0.390572
10	0.76431	0.011785	0.173401	0.050505
11	0.166667	0.744108	0.0	0.089226
12	0.085859	0.681818	0.0	0.232323
13	0.616162	0.079125	0.057239	0.247475
14	0.402357	0.383838	0.045455	0.16835
15	0.161616	0.612795	0.045455	0.180135
