Pos	A	C	G	T
1	0.296875	0.375	0.0	0.328125
2	0.15625	0.28125	0.09375	0.46875
3	0.078125	0.375	0.140625	0.40625
4	0.734375	0.109375	0.046875	0.109375
5	0.234375	0.046875	0.0625	0.65625
6	0.1875	0.375	0.15625	0.28125
7	0.140625	0.625	0.046875	0.1875
8	0.015625	0.0	0.0	0.984375
9	0.0	0.015625	0.015625	0.96875
10	0.984375	0.015625	0.0	0.0
11	0.0	0.0	0.0	1.0
12	0.0	1.0	0.0	0.0
13	0.03125	0.65625	0.0	0.3125
14	0.484375	0.0	0.109375	0.40625
15	0.390625	0.203125	0.140625	0.265625
16	0.453125	0.0	0.015625	0.53125
17	0.3125	0.28125	0.03125	0.375
18	0.15625	0.328125	0.015625	0.5
19	0.21875	0.1875	0.15625	0.4375
20	0.125	0.125	0.15625	0.59375
21	0.15625	0.171875	0.203125	0.46875
