Pos	A	C	G	T
1	0.315526	0.253756	0.140234	0.290484
2	0.33222	0.171953	0.103506	0.392321
3	0.270451	0.186978	0.105175	0.437396
4	0.542571	0.108514	0.09015	0.258765
5	0.550918	0.033389	0.051753	0.36394
6	0.023372	0.535893	0.051753	0.388982
7	0.148581	0.714524	0.111853	0.025042
8	0.03005	0.020033	0.0	0.949917
9	0.040067	0.09015	0.0	0.869783
10	0.998331	0.0	0.0	0.001669
11	0.0	0.0	0.0	1.0
12	0.0	1.0	0.0	0.0
13	0.135225	0.465776	0.006678	0.392321
14	0.405676	0.081803	0.078464	0.434057
15	0.323873	0.337229	0.040067	0.298831
