Pos	A	C	G	T
1	0.671429	0.085714	0.157143	0.085714
2	0.55	0.0	0.0	0.45
3	0.064286	0.378571	0.264286	0.292857
4	0.142857	0.692857	0.042857	0.121429
5	0.007143	0.007143	0.0	0.985714
6	0.021429	0.0	0.0	0.978571
7	0.971429	0.0	0.0	0.028571
8	0.0	0.0	0.007143	0.992857
9	0.057143	0.942857	0.0	0.0
10	0.078571	0.542857	0.035714	0.342857
11	0.371429	0.078571	0.085714	0.464286
12	0.378571	0.214286	0.1	0.307143
13	0.521429	0.014286	0.028571	0.435714
14	0.328571	0.221429	0.014286	0.435714
15	0.207143	0.235714	0.1	0.457143
