Pos	A	C	G	T
1	0.278281	0.31448	0.11086	0.29638
2	0.328054	0.190045	0.151584	0.330317
3	0.251131	0.180995	0.169683	0.39819
4	0.144796	0.361991	0.085973	0.40724
5	0.11086	0.366516	0.090498	0.432127
6	0.085973	0.513575	0.052036	0.348416
7	0.0	0.975113	0.0	0.024887
8	0.993213	0.004525	0.002262	0.0
9	0.871041	0.126697	0.0	0.002262
10	0.0	1.0	0.0	0.0
11	0.065611	0.529412	0.0	0.404977
12	0.975113	0.0	0.024887	0.0
13	0.128959	0.834842	0.0	0.036199
14	0.126697	0.513575	0.0	0.359729
15	0.244344	0.085973	0.065611	0.604072
16	0.219457	0.298643	0.072398	0.409502
17	0.246606	0.285068	0.10181	0.366516
18	0.307692	0.18552	0.190045	0.316742
19	0.187783	0.339367	0.133484	0.339367
