Pos	A	C	G	T
1	0.305743	0.347973	0.101351	0.244932
2	0.626689	0.152027	0.057432	0.163851
3	0.430743	0.319257	0.057432	0.192568
4	0.065878	0.565878	0.084459	0.283784
5	0.125	0.339527	0.070946	0.464527
6	0.366554	0.375	0.116554	0.141892
7	0.064189	0.751689	0.021959	0.162162
8	0.005068	0.834459	0.0	0.160473
9	1.0	0.0	0.0	0.0
10	0.788851	0.209459	0.0	0.001689
11	0.0	1.0	0.0	0.0
12	0.096284	0.420608	0.003378	0.47973
13	0.849662	0.0	0.141892	0.008446
14	0.290541	0.567568	0.033784	0.108108
15	0.160473	0.559122	0.0	0.280405
