Pos	A	C	G	T
1	0.343003	0.261092	0.145051	0.250853
2	0.208191	0.215017	0.368601	0.208191
3	0.348123	0.051195	0.215017	0.385666
4	0.24744	0.09215	0.095563	0.564846
5	0.43686	0.162116	0.083618	0.317406
6	0.399317	0.098976	0.199659	0.302048
7	0.412969	0.146758	0.088737	0.351536
8	0.0	0.020478	0.0	0.979522
9	1.0	0.0	0.0	0.0
10	1.0	0.0	0.0	0.0
11	0.0	1.0	0.0	0.0
12	0.030717	0.102389	0.74744	0.119454
13	0.151877	0.0	0.848123	0.0
14	0.257679	0.085324	0.0	0.656997
15	0.418089	0.138225	0.044369	0.399317
16	0.354949	0.071672	0.037543	0.535836
17	0.18942	0.269625	0.09727	0.443686
