Pos	A	C	G	T
1	0.229866	0.191275	0.151007	0.427852
2	0.135906	0.260067	0.083893	0.520134
3	0.243289	0.171141	0.115772	0.469799
4	0.013423	0.048658	0.080537	0.857383
5	0.988255	0.0	0.011745	0.0
6	0.0	1.0	0.0	0.0
7	0.0	1.0	0.0	0.0
8	0.001678	0.001678	0.0	0.996644
9	1.0	0.0	0.0	0.0
10	1.0	0.0	0.0	0.0
11	0.001678	0.323826	0.0	0.674497
12	0.167785	0.0	0.0	0.832215
13	0.204698	0.010067	0.0	0.785235
14	0.211409	0.120805	0.02349	0.644295
15	0.162752	0.145973	0.105705	0.58557
16	0.219799	0.192953	0.149329	0.437919
