Pos	A	C	G	T
1	0.03183	0.795756	0.172414	0.0
2	0.0	1.0	0.0	0.0
3	0.0	0.0	0.944297	0.055703
4	0.870027	0.007958	0.074271	0.047745
5	0.596817	0.082228	0.132626	0.188329
6	0.893899	0.01061	0.039788	0.055703
7	0.920424	0.005305	0.018568	0.055703
8	0.575597	0.04244	0.039788	0.342175
9	0.411141	0.148541	0.161804	0.278515
10	0.074271	0.175066	0.034483	0.71618
11	0.068966	0.931034	0.0	0.0
12	0.0	0.0	1.0	0.0
13	0.0	0.129973	0.859416	0.01061
14	0.533156	0.068966	0.225464	0.172414
15	0.344828	0.106101	0.302387	0.246684
