Pos	A	C	G	T
1	0.173986	0.505068	0.043919	0.277027
2	0.768581	0.113176	0.02027	0.097973
3	0.559122	0.285473	0.023649	0.131757
4	0.0	0.753378	0.010135	0.236486
5	0.165541	0.244932	0.030405	0.559122
6	0.486486	0.302365	0.076014	0.135135
7	0.106419	0.807432	0.0	0.086149
8	0.027027	0.765203	0.0	0.20777
9	1.0	0.0	0.0	0.0
10	0.736486	0.258446	0.003378	0.001689
11	0.0	1.0	0.0	0.0
12	0.199324	0.373311	0.028716	0.398649
13	0.760135	0.045608	0.160473	0.033784
14	0.288851	0.527027	0.018581	0.165541
15	0.263514	0.439189	0.0	0.297297
