Pos	A	C	G	T
1	0.109983	0.0	0.003384	0.886633
2	0.218274	0.069374	0.103215	0.609137
3	0.248731	0.174281	0.414552	0.162437
4	0.027073	0.967851	0.0	0.005076
5	0.0	0.011844	0.282572	0.705584
6	0.005076	0.001692	0.01692	0.976311
7	0.162437	0.294416	0.443316	0.099831
8	0.402707	0.172589	0.126904	0.2978
9	0.350254	0.133672	0.174281	0.341794
10	0.263959	0.270728	0.179357	0.285956
11	0.159052	0.341794	0.150592	0.348562
12	0.313029	0.1489	0.199662	0.338409
13	0.0	0.598985	0.021997	0.379019
14	1.0	0.0	0.0	0.0
15	0.302876	0.697124	0.0	0.0
16	0.035533	0.0	0.874788	0.089679
