Pos	A	C	G	T
1	0.005017	0.994983	0.0	0.0
2	0.0	0.0	0.299331	0.700669
3	0.0	0.0	0.0	1.0
4	0.093645	0.371237	0.513378	0.021739
5	0.322742	0.12709	0.046823	0.503344
6	0.212375	0.240803	0.215719	0.331104
7	0.160535	0.463211	0.219064	0.157191
8	0.254181	0.274247	0.205686	0.265886
9	0.451505	0.040134	0.088629	0.419732
10	0.0	0.618729	0.113712	0.267559
11	1.0	0.0	0.0	0.0
12	0.351171	0.648829	0.0	0.0
13	0.016722	0.0	0.943144	0.040134
14	0.038462	0.590301	0.0301	0.341137
15	0.316054	0.132107	0.016722	0.535117
