Pos	A	C	G	T
1	0.167224	0.040134	0.033445	0.759197
2	0.180602	0.08194	0.622074	0.115385
3	0.033445	0.966555	0.0	0.0
4	0.0	0.003344	0.279264	0.717391
5	0.0	0.0	0.006689	0.993311
6	0.190635	0.264214	0.481605	0.063545
7	0.389632	0.153846	0.11204	0.344482
8	0.43311	0.08194	0.212375	0.272575
9	0.259197	0.170569	0.175585	0.394649
10	0.14214	0.244147	0.117057	0.496656
11	0.23913	0.150502	0.222408	0.38796
12	0.010033	0.5301	0.050167	0.409699
13	1.0	0.0	0.0	0.0
14	0.37291	0.62709	0.0	0.0
15	0.008361	0.0	0.908027	0.083612
