Pos	A	C	G	T
1	0.0	1.0	0.0	0.0
2	0.0	0.0	0.139415	0.860585
3	0.0	0.0	0.0	1.0
4	0.020654	0.032702	0.919105	0.027539
5	0.187608	0.344234	0.208262	0.259897
6	0.239243	0.127367	0.316695	0.316695
7	0.13253	0.512909	0.177281	0.177281
8	0.148021	0.418244	0.092943	0.340792
9	0.166954	0.351119	0.285714	0.196213
10	0.0	0.948365	0.013769	0.037866
11	1.0	0.0	0.0	0.0
12	0.776248	0.223752	0.0	0.0
13	0.001721	0.0	0.993115	0.005164
14	0.05852	0.271945	0.079174	0.590361
15	0.290878	0.146299	0.005164	0.557659
16	0.64716	0.012048	0.0	0.340792
