Pos	A	C	G	T
1	0.023173	0.97148	0.0	0.005348
2	0.005348	0.0	0.477718	0.516934
3	0.0	0.0	0.00713	0.99287
4	0.151515	0.135472	0.698752	0.01426
5	0.167558	0.121212	0.039216	0.672014
6	0.26738	0.16934	0.224599	0.338681
7	0.251337	0.322638	0.156863	0.269162
8	0.197861	0.301248	0.122995	0.377897
9	0.491979	0.058824	0.165775	0.283422
10	0.012478	0.734403	0.019608	0.233512
11	1.0	0.0	0.0	0.0
12	0.213904	0.786096	0.0	0.0
13	0.01426	0.0	0.946524	0.039216
14	0.058824	0.372549	0.114082	0.454545
15	0.322638	0.231729	0.012478	0.433155
16	0.789661	0.00713	0.008913	0.194296
