Pos	A	C	G	T
1	0.064298	0.380711	0.076142	0.478849
2	0.101523	0.379019	0.091371	0.428088
3	0.043993	0.51269	0.011844	0.431472
4	1.0	0.0	0.0	0.0
5	0.1489	0.849408	0.0	0.001692
6	0.0	1.0	0.0	0.0
7	0.079526	0.001692	0.005076	0.913706
8	1.0	0.0	0.0	0.0
9	0.568528	0.431472	0.0	0.0
10	0.021997	0.483926	0.010152	0.483926
11	0.165821	0.043993	0.003384	0.786802
12	0.245347	0.111675	0.027073	0.615905
13	0.15736	0.177665	0.143824	0.521151
14	0.21489	0.201354	0.130288	0.453469
15	0.201354	0.252115	0.160745	0.385787
