Pos	A	C	G	T
1	0.289298	0.289298	0.110368	0.311037
2	0.329431	0.230769	0.133779	0.30602
3	0.312709	0.187291	0.227425	0.272575
4	0.280936	0.297659	0.155518	0.265886
5	0.135452	0.324415	0.11204	0.428094
6	0.117057	0.446488	0.175585	0.26087
7	0.01505	0.558528	0.003344	0.423077
8	0.998328	0.0	0.0	0.001672
9	0.269231	0.730769	0.0	0.0
10	0.0	1.0	0.0	0.0
11	0.466555	0.086957	0.0	0.446488
12	1.0	0.0	0.0	0.0
13	0.250836	0.745819	0.0	0.003344
14	0.0	0.889632	0.0	0.110368
15	0.474916	0.068562	0.204013	0.252508
