Pos	A	C	G	T
1	0.227181	0.401623	0.21501	0.156187
2	0.018256	0.981744	0.0	0.0
3	0.0	0.0	0.338742	0.661258
4	0.0	0.0	0.0	1.0
5	0.026369	0.024341	0.94929	0.0
6	0.125761	0.257606	0.160243	0.456389
7	0.081136	0.225152	0.271805	0.421907
8	0.166329	0.533469	0.135903	0.1643
9	0.20284	0.298174	0.127789	0.371197
10	0.162272	0.385396	0.235294	0.217039
11	0.0	0.969574	0.0	0.030426
12	1.0	0.0	0.0	0.0
13	0.578093	0.421907	0.0	0.0
14	0.0	0.0	1.0	0.0
15	0.182556	0.172414	0.212982	0.432049
16	0.604462	0.166329	0.0	0.229209
17	0.811359	0.008114	0.016227	0.1643
