Pos	A	C	G	T
1	0.176573	0.295455	0.148601	0.379371
2	0.111888	0.356643	0.090909	0.440559
3	0.047203	0.414336	0.027972	0.51049
4	1.0	0.0	0.0	0.0
5	0.036713	0.963287	0.0	0.0
6	0.0	1.0	0.0	0.0
7	0.517483	0.0	0.003497	0.479021
8	0.996503	0.0	0.003497	0.0
9	0.494755	0.452797	0.017483	0.034965
10	0.185315	0.472028	0.017483	0.325175
11	0.326923	0.145105	0.057692	0.47028
12	0.342657	0.194056	0.104895	0.358392
13	0.347902	0.148601	0.160839	0.342657
14	0.358392	0.104895	0.157343	0.379371
15	0.29021	0.111888	0.234266	0.363636
