Pos	A	C	G	T
1	0.088777	0.0	0.0	0.911223
2	0.167504	0.015075	0.092127	0.725293
3	0.21608	0.056951	0.621441	0.105528
4	0.036851	0.963149	0.0	0.0
5	0.0	0.0	0.319933	0.680067
6	0.0	0.0	0.00335	0.99665
7	0.21273	0.18258	0.544389	0.060302
8	0.343384	0.159129	0.092127	0.40536
9	0.341709	0.092127	0.201005	0.365159
10	0.244556	0.227806	0.162479	0.365159
11	0.152429	0.236181	0.154104	0.457286
12	0.21608	0.159129	0.167504	0.457286
13	0.0	0.423786	0.041876	0.534338
14	1.0	0.0	0.0	0.0
15	0.299832	0.700168	0.0	0.0
16	0.0	0.0	0.924623	0.075377
