Pos	A	C	G	T
1	0.423786	0.19933	0.134003	0.242881
2	0.273032	0.122278	0.343384	0.261307
3	0.242881	0.172529	0.323283	0.261307
4	0.028476	0.0	0.0	0.971524
5	0.036851	0.001675	0.040201	0.921273
6	0.313233	0.20938	0.140704	0.336683
7	0.0	1.0	0.0	0.0
8	0.0	0.0	0.21608	0.78392
9	0.0	0.0	0.0	1.0
10	0.005025	0.0067	0.988275	0.0
11	0.117253	0.254606	0.268007	0.360134
12	0.271357	0.165829	0.236181	0.326633
13	0.21943	0.266332	0.323283	0.190955
14	0.365159	0.273032	0.18928	0.172529
15	0.39196	0.18258	0.237856	0.187605
16	0.001675	0.963149	0.00335	0.031826
17	1.0	0.0	0.0	0.0
18	0.623116	0.376884	0.0	0.0
19	0.0	0.0	0.976549	0.023451
