Pos	A	C	G	T
1	0.205342	0.098497	0.525876	0.170284
2	0.018364	0.0	0.0	0.981636
3	0.095159	0.0	0.098497	0.806344
4	0.185309	0.050083	0.1202	0.644407
5	0.0	1.0	0.0	0.0
6	0.0	0.001669	0.0601	0.93823
7	0.0	0.0	0.0	1.0
8	0.010017	0.003339	0.986644	0.0
9	0.200334	0.257095	0.205342	0.337229
10	0.298831	0.131886	0.36227	0.207012
11	0.24374	0.262104	0.325543	0.168614
12	0.480801	0.227045	0.155259	0.136895
13	0.622705	0.065109	0.217028	0.095159
14	0.021703	0.786311	0.108514	0.083472
15	1.0	0.0	0.0	0.0
16	0.846411	0.153589	0.0	0.0
17	0.0	0.001669	0.988314	0.010017
