Pos	A	C	G	T
1	0.0	0.0	0.108878	0.891122
2	0.0	0.0	0.0	1.0
3	0.030151	0.048576	0.884422	0.036851
4	0.194305	0.268007	0.232831	0.304858
5	0.286432	0.108878	0.18258	0.422111
6	0.184255	0.428811	0.152429	0.234506
7	0.396985	0.269682	0.107203	0.226131
8	0.288107	0.273032	0.21943	0.21943
9	0.025126	0.889447	0.053601	0.031826
10	1.0	0.0	0.0	0.0
11	0.802345	0.19598	0.001675	0.0
12	0.0	0.0	0.974874	0.025126
13	0.030151	0.246231	0.01675	0.706868
14	0.0134	0.214405	0.0	0.772194
15	0.504188	0.008375	0.0067	0.480737
16	0.113903	0.41206	0.068677	0.40536
