Pos	A	C	G	T
1	0.58	0.07	0.308333	0.041667
2	0.005	0.006667	0.988333	0.0
3	0.968333	0.005	0.003333	0.023333
4	0.921667	0.008333	0.016667	0.053333
5	0.075	0.238333	0.55	0.136667
6	0.288333	0.336667	0.188333	0.186667
7	0.098333	0.041667	0.011667	0.848333
8	0.013333	0.0	0.006667	0.98
9	0.003333	0.985	0.005	0.006667
10	0.0	0.141667	0.046667	0.811667
11	0.778333	0.036667	0.183333	0.001667
12	0.001667	0.01	0.988333	0.0
13	0.96	0.006667	0.008333	0.025
14	0.7	0.056667	0.11	0.133333
15	0.248333	0.186667	0.378333	0.186667
