Pos	A	C	G	T
1	0.034783	0.0	0.0	0.965217
2	0.250435	0.015652	0.126957	0.606957
3	0.373913	0.142609	0.245217	0.238261
4	0.003478	0.996522	0.0	0.0
5	0.0	0.0	0.330435	0.669565
6	0.008696	0.001739	0.0	0.989565
7	0.130435	0.158261	0.693913	0.017391
8	0.172174	0.135652	0.038261	0.653913
9	0.231304	0.194783	0.250435	0.323478
10	0.24	0.314783	0.163478	0.281739
11	0.206957	0.307826	0.165217	0.32
12	0.566957	0.04	0.194783	0.198261
13	0.0	0.777391	0.010435	0.212174
14	1.0	0.0	0.0	0.0
15	0.278261	0.721739	0.0	0.0
16	0.0	0.0	0.98087	0.01913
17	0.076522	0.283478	0.102609	0.537391
18	0.398261	0.175652	0.008696	0.417391
19	0.846957	0.001739	0.003478	0.147826
