Pos	A	C	G	T
1	0.262712	0.0	0.066102	0.671186
2	0.401695	0.064407	0.433898	0.1
3	0.023729	0.972881	0.0	0.00339
4	0.0	0.0	0.445763	0.554237
5	0.0	0.0	0.0	1.0
6	0.10339	0.172881	0.715254	0.008475
7	0.137288	0.130508	0.045763	0.686441
8	0.186441	0.155932	0.269492	0.388136
9	0.159322	0.281356	0.264407	0.294915
10	0.181356	0.249153	0.216949	0.352542
11	0.511864	0.079661	0.213559	0.194915
12	0.001695	0.783051	0.008475	0.20678
13	0.998305	0.0	0.0	0.001695
14	0.389831	0.608475	0.0	0.001695
15	0.0	0.0	0.984746	0.015254
