Pos	A	C	G	T
1	0.0	1.0	0.0	0.0
2	0.0	0.0	0.091525	0.908475
3	0.0	0.0	0.0	1.0
4	0.10339	0.340678	0.481356	0.074576
5	0.411864	0.154237	0.105085	0.328814
6	0.298305	0.189831	0.249153	0.262712
7	0.208475	0.305085	0.235593	0.250847
8	0.264407	0.240678	0.171186	0.323729
9	0.279661	0.138983	0.191525	0.389831
10	0.057627	0.530508	0.222034	0.189831
11	0.998305	0.001695	0.0	0.0
12	0.728814	0.271186	0.0	0.0
13	0.0	0.0	0.994915	0.005085
14	0.152542	0.345763	0.086441	0.415254
15	0.815254	0.054237	0.0	0.130508
16	0.971186	0.0	0.0	0.028814
17	0.10339	0.579661	0.037288	0.279661
18	0.047458	0.783051	0.011864	0.157627
