Pos	A	C	G	T
1	0.001678	0.984899	0.0	0.013423
2	0.0	0.0	0.298658	0.701342
3	0.0	0.0	0.0	1.0
4	0.130872	0.446309	0.409396	0.013423
5	0.340604	0.124161	0.030201	0.505034
6	0.214765	0.208054	0.196309	0.380872
7	0.174497	0.422819	0.244966	0.157718
8	0.295302	0.219799	0.20302	0.281879
9	0.421141	0.003356	0.057047	0.518456
10	0.010067	0.555369	0.088926	0.345638
11	1.0	0.0	0.0	0.0
12	0.231544	0.768456	0.0	0.0
13	0.021812	0.0	0.932886	0.045302
14	0.088926	0.567114	0.04698	0.29698
15	0.229866	0.142617	0.011745	0.615772
