Pos	A	C	G	T
1	0.01005	0.0	0.0	0.98995
2	0.088777	0.0	0.028476	0.882747
3	0.318258	0.140704	0.326633	0.214405
4	0.005025	0.994975	0.0	0.0
5	0.0	0.0	0.073702	0.926298
6	0.0	0.0	0.0	1.0
7	0.070352	0.453936	0.363484	0.112228
8	0.474037	0.108878	0.080402	0.336683
9	0.231156	0.227806	0.18258	0.358459
10	0.147404	0.355109	0.177554	0.319933
11	0.175879	0.288107	0.098827	0.437186
12	0.229481	0.174204	0.222781	0.373534
13	0.031826	0.572864	0.137353	0.257956
14	1.0	0.0	0.0	0.0
15	0.745394	0.254606	0.0	0.0
16	0.0	0.0	0.994975	0.005025
