Pos	A	C	G	T
1	0.033389	0.0	0.0	0.966611
2	0.083472	0.0	0.156928	0.759599
3	0.183639	0.110184	0.163606	0.542571
4	0.0	1.0	0.0	0.0
5	0.0	0.0	0.06177	0.93823
6	0.0	0.0	0.0	1.0
7	0.011686	0.008347	0.976628	0.003339
8	0.130217	0.258765	0.260434	0.350584
9	0.287145	0.1202	0.387312	0.205342
10	0.232053	0.283806	0.288815	0.195326
11	0.432387	0.228715	0.195326	0.143573
12	0.564274	0.043406	0.218698	0.173623
13	0.013356	0.761269	0.111853	0.113523
14	0.998331	0.0	0.001669	0.0
15	0.749583	0.245409	0.005008	0.0
16	0.001669	0.001669	0.983306	0.013356
