Pos	A	C	G	T
1	0.659574	0.106383	0.106383	0.12766
2	0.276596	0.340426	0.276596	0.106383
3	0.851064	0.0	0.085106	0.06383
4	0.297872	0.042553	0.382979	0.276596
5	0.765957	0.042553	0.085106	0.106383
6	0.106383	0.106383	0.595745	0.191489
7	0.212766	0.297872	0.382979	0.106383
8	0.468085	0.042553	0.255319	0.234043
9	0.042553	0.212766	0.340426	0.404255
10	0.0	0.0	1.0	0.0
11	0.0	0.0	0.0	1.0
12	0.042553	0.0	0.957447	0.0
13	0.0	0.0	1.0	0.0
14	0.0	0.0	1.0	0.0
15	0.404255	0.0	0.382979	0.212766
16	0.0	1.0	0.0	0.0
17	0.0	1.0	0.0	0.0
18	0.0	1.0	0.0	0.0
19	0.914894	0.0	0.085106	0.0
20	0.0	1.0	0.0	0.0
