Pos	A	C	G	T
1	0.0	0.443299	0.0	0.556701
2	0.082474	0.0	0.814433	0.103093
3	0.0	0.618557	0.360825	0.020619
4	0.0	0.969072	0.0	0.030928
5	0.0	0.0	0.979381	0.020619
6	0.0	0.0	0.268041	0.731959
7	0.257732	0.237113	0.350515	0.154639
8	0.453608	0.103093	0.268041	0.175258
9	0.42268	0.154639	0.195876	0.226804
10	0.257732	0.103093	0.278351	0.360825
11	0.319588	0.123711	0.216495	0.340206
12	0.237113	0.371134	0.061856	0.329897
13	0.164948	0.247423	0.360825	0.226804
14	0.670103	0.329897	0.0	0.0
15	0.0	0.989691	0.010309	0.0
16	0.0	0.0	1.0	0.0
17	0.030928	0.206186	0.443299	0.319588
