Pos	A	C	G	T
1	0.005076	0.994924	0.0	0.0
2	0.0	0.001692	0.382403	0.615905
3	0.0	0.0	0.0	1.0
4	0.135364	0.07445	0.773266	0.01692
5	0.19797	0.147208	0.06599	0.588832
6	0.263959	0.199662	0.306261	0.230118
7	0.291032	0.360406	0.135364	0.213198
8	0.323181	0.279188	0.152284	0.245347
9	0.600677	0.037225	0.218274	0.143824
10	0.00846	0.774958	0.06599	0.150592
11	1.0	0.0	0.0	0.0
12	0.456853	0.543147	0.0	0.0
13	0.0	0.0	0.964467	0.035533
14	0.125212	0.274112	0.043993	0.556684
15	0.468697	0.137056	0.006768	0.387479
16	0.884941	0.006768	0.011844	0.096447
