Pos	A	C	G	T
1	0.553512	0.076923	0.329431	0.040134
2	0.0	0.0	1.0	0.0
3	0.989967	0.001672	0.001672	0.006689
4	0.943144	0.0	0.006689	0.050167
5	0.06689	0.217391	0.598662	0.117057
6	0.259197	0.362876	0.200669	0.177258
7	0.098662	0.036789	0.016722	0.847826
8	0.013378	0.0	0.003344	0.983278
9	0.0	0.994983	0.005017	0.0
10	0.0	0.140468	0.033445	0.826087
11	0.779264	0.031773	0.187291	0.001672
12	0.0	0.005017	0.994983	0.0
13	0.979933	0.005017	0.003344	0.011706
14	0.692308	0.043478	0.132107	0.132107
15	0.250836	0.190635	0.376254	0.182274
