Pos	A	C	G	T
1	0.085714	0.0	0.828571	0.085714
2	0.228571	0.114286	0.6	0.057143
3	0.0	0.028571	0.142857	0.828571
4	0.085714	0.028571	0.0	0.885714
5	0.0	0.0	0.0	1.0
6	0.914286	0.0	0.0	0.085714
7	0.057143	0.0	0.942857	0.0
8	0.0	0.0	1.0	0.0
9	0.028571	0.0	0.914286	0.057143
10	0.028571	0.0	0.057143	0.914286
11	0.171429	0.085714	0.057143	0.685714
12	0.0	0.0	0.028571	0.971429
13	0.971429	0.0	0.0	0.028571
14	0.028571	0.057143	0.914286	0.0
15	0.057143	0.0	0.857143	0.085714
16	0.114286	0.057143	0.771429	0.057143
17	0.085714	0.0	0.057143	0.857143
18	0.085714	0.114286	0.0	0.8
19	0.057143	0.028571	0.0	0.914286
20	1.0	0.0	0.0	0.0
21	0.057143	0.028571	0.885714	0.028571
22	0.057143	0.0	0.914286	0.028571
23	0.0	0.057143	0.914286	0.028571
24	0.028571	0.0	0.0	0.971429
25	0.114286	0.0	0.0	0.885714
26	0.028571	0.0	0.0	0.971429
27	0.857143	0.085714	0.028571	0.028571
28	0.028571	0.0	0.942857	0.028571
29	0.028571	0.0	0.885714	0.085714
30	0.114286	0.0	0.857143	0.028571
