Pos	A	C	G	T
1	0.192412	0.170732	0.149051	0.487805
2	0.051491	0.084011	0.598916	0.265583
3	0.284553	0.289973	0.303523	0.121951
4	0.287263	0.146341	0.170732	0.395664
5	0.124661	0.01897	0.780488	0.075881
6	0.0	0.00813	0.99187	0.0
7	0.100271	0.01355	0.0	0.886179
8	0.01084	0.254743	0.712737	0.02168
9	0.0	0.550136	0.01897	0.430894
10	1.0	0.0	0.0	0.0
11	0.0	0.756098	0.113821	0.130081
12	0.146341	0.504065	0.292683	0.056911
13	0.208672	0.081301	0.425474	0.284553
14	0.300813	0.03523	0.195122	0.468835
15	0.582656	0.084011	0.151762	0.181572
