Pos	A	C	G	T
1	0.8	0.023529	0.105882	0.070588
2	0.841176	0.017647	0.0	0.141176
3	0.005882	0.088235	0.0	0.905882
4	0.011765	0.482353	0.464706	0.041176
5	0.623529	0.0	0.376471	0.0
6	1.0	0.0	0.0	0.0
7	0.0	1.0	0.0	0.0
8	0.0	0.0	1.0	0.0
9	0.0	0.0	1.0	0.0
10	0.011765	0.376471	0.0	0.611765
11	0.011765	0.347059	0.147059	0.494118
12	0.252941	0.2	0.523529	0.023529
13	0.729412	0.035294	0.158824	0.076471
14	0.023529	0.041176	0.894118	0.041176
15	0.976471	0.005882	0.017647	0.0
16	0.1	0.0	0.017647	0.882353
17	0.035294	0.123529	0.082353	0.758824
18	0.241176	0.252941	0.247059	0.258824
19	0.458824	0.158824	0.235294	0.147059
20	0.352941	0.135294	0.047059	0.464706
21	0.058824	0.376471	0.047059	0.517647
22	0.082353	0.435294	0.288235	0.194118
