Pos	A	C	G	T
1	0.175	0.126667	0.18	0.518333
2	0.165	0.075	0.218333	0.541667
3	0.178333	0.136667	0.088333	0.596667
4	0.021667	0.043333	0.013333	0.921667
5	0.293333	0.003333	0.633333	0.07
6	0.0	0.968333	0.0	0.031667
7	0.0	0.0	0.996667	0.003333
8	0.171667	0.0	0.821667	0.006667
9	0.001667	0.7	0.0	0.298333
10	0.021667	0.118333	0.33	0.53
11	0.4	0.031667	0.438333	0.13
12	0.353333	0.245	0.078333	0.323333
13	0.195	0.115	0.416667	0.273333
14	0.238333	0.101667	0.383333	0.276667
15	0.183333	0.261667	0.136667	0.418333
