Pos	A	C	G	T
1	0.0	0.0	0.058824	0.941176
2	0.058824	0.0	0.117647	0.823529
3	0.411765	0.0	0.529412	0.058824
4	0.941176	0.0	0.058824	0.0
5	0.882353	0.058824	0.0	0.058824
6	0.0	0.0	0.0	1.0
7	1.0	0.0	0.0	0.0
8	0.0	0.117647	0.0	0.882353
9	0.0	0.352941	0.0	0.647059
10	0.823529	0.0	0.058824	0.117647
11	0.0	0.0	0.0	1.0
12	0.0	0.0	0.0	1.0
13	0.117647	0.058824	0.823529	0.0
14	0.235294	0.0	0.764706	0.0
15	0.058824	0.058824	0.0	0.882353
16	0.0	0.0	0.0	1.0
17	0.0	0.0	0.0	1.0
18	0.941176	0.0	0.0	0.058824
19	0.411765	0.058824	0.470588	0.058824
20	1.0	0.0	0.0	0.0
21	0.588235	0.0	0.352941	0.058824
22	0.058824	0.058824	0.058824	0.823529
23	0.058824	0.058824	0.0	0.882353
24	0.941176	0.0	0.058824	0.0
25	0.235294	0.0	0.0	0.764706
26	0.705882	0.0	0.058824	0.235294
27	0.764706	0.0	0.235294	0.0
28	0.705882	0.058824	0.117647	0.117647
29	1.0	0.0	0.0	0.0
30	1.0	0.0	0.0	0.0
