Pos	A	C	G	T
1	0.406091	0.035533	0.348562	0.209814
2	0.37225	0.067682	0.187817	0.37225
3	0.307953	0.0	0.597293	0.094755
4	0.010152	0.0	0.678511	0.311337
5	0.005076	0.0	0.0	0.994924
6	0.401015	0.0	0.050761	0.548223
7	0.0	0.0	1.0	0.0
8	0.00846	0.0	0.818951	0.172589
9	0.0	0.0	0.0	1.0
10	0.316413	0.006768	0.676819	0.0
11	0.475465	0.05753	0.367174	0.099831
12	0.460237	0.096447	0.336717	0.106599
13	0.336717	0.1489	0.307953	0.20643
14	0.311337	0.165821	0.192893	0.329949
15	0.307953	0.094755	0.219966	0.377327
16	0.321489	0.103215	0.28934	0.285956
17	0.211506	0.175973	0.263959	0.348562
18	0.263959	0.138748	0.252115	0.345178
19	0.270728	0.121827	0.377327	0.230118
