Pos	A	C	G	T
1	0.025042	0.759599	0.208681	0.006678
2	0.001669	0.998331	0.0	0.0
3	0.001669	0.0	0.941569	0.056761
4	0.874791	0.008347	0.075125	0.041736
5	0.537563	0.106845	0.160267	0.195326
6	0.869783	0.013356	0.045075	0.071786
7	0.928214	0.001669	0.018364	0.051753
8	0.584307	0.036728	0.051753	0.327212
9	0.400668	0.161937	0.166945	0.270451
10	0.088481	0.171953	0.050083	0.689482
11	0.088481	0.911519	0.0	0.0
12	0.0	0.0	1.0	0.0
13	0.003339	0.153589	0.829716	0.013356
14	0.530885	0.083472	0.200334	0.185309
15	0.353923	0.123539	0.295492	0.227045
