Pos	A	C	G	T
1	0.233221	0.258389	0.27349	0.234899
2	0.295302	0.186242	0.224832	0.293624
3	0.362416	0.130872	0.266779	0.239933
4	0.394295	0.154362	0.231544	0.219799
5	0.38255	0.196309	0.157718	0.263423
6	0.251678	0.196309	0.124161	0.427852
7	0.177852	0.125839	0.421141	0.275168
8	0.005034	0.186242	0.0	0.808725
9	0.003356	0.001678	0.994966	0.0
10	0.003356	0.0	0.003356	0.993289
11	0.001678	0.998322	0.0	0.0
12	0.998322	0.0	0.0	0.001678
13	0.0	0.0	0.998322	0.001678
14	0.803691	0.001678	0.080537	0.114094
