Pos	A	C	G	T
1	0.264151	0.377358	0.113208	0.245283
2	0.574124	0.097035	0.113208	0.215633
3	0.361186	0.280323	0.008086	0.350404
4	0.528302	0.010782	0.172507	0.28841
5	0.291105	0.0	0.010782	0.698113
6	0.234501	0.037736	0.177898	0.549865
7	0.358491	0.107817	0.040431	0.493261
8	0.339623	0.153639	0.221024	0.285714
9	0.541779	0.204852	0.107817	0.145553
10	0.126685	0.873315	0.0	0.0
11	1.0	0.0	0.0	0.0
12	0.0	1.0	0.0	0.0
13	0.115903	0.0	0.884097	0.0
14	0.0	0.0	0.0	1.0
15	0.0	0.0	0.97035	0.02965
16	0.132075	0.264151	0.185984	0.41779
17	0.156334	0.25876	0.19407	0.390836
