Pos	A	C	G	T
1	0.142120965554858	0.11960943856788	0.128288581502872	0.60998101437439
2	0.267968538107	0.239761323569	0.28831027936	0.203959858964
3	0.0138323840521004	0.971250339029029	0.00271223216707008	0.0122050447518004
4	0.0075942500678103	0.0284784377543011	0.00569568755085023	0.958231624627038
5	0.00949281258476142	0.983184160564147	0.00569568755085085	0.00162733930024024
6	0.00271223216707008	0.00813669650122024	0.0067805804176802	0.98237049091403
7	0.00650935720097744	0.000271223216706893	0.992948196365609	0.000271223216706893
8	0.00650935720097655	0.032004339571483	0.00922158936804512	0.952264713859496
9	0.048277732573901	0.00650935720098013	0.00732302685110015	0.937889883374019
10	0.0919446704638276	0.156495796040047	0.0371575806889111	0.714401952807214
11	0.0951993490642905	0.310279359912969	0.0566856522917943	0.537835638730946
