Pos	A	C	G	T
1	0.279569892473056	0.60035842293912	0.0860215053763172	0.0340501792115068
2	0.102150537634102	0.706093189964706	0.0788530465950789	0.112903225806113
3	0.639784946236552	0.141577060931901	0.120071684587916	0.098566308243631
4	0.802867383512839	0.0215053763440957	0.14874551971297	0.0268817204300946
5	0.987455197132625	0.00179211469533932	0.00716845878135728	0.00358422939067864
6	0.892473118279643	0.0	0.0215053763440914	0.0860215053762656
7	0.539426523297324	0.0143369175627086	0.437275985663262	0.00896057347670538
8	0.559139784946112	0.025089605734805	0.123655913978025	0.292114695341058
9	0.413978494624	0.0	0.586021505376	0.0
10	0.012544802867395	0.0107526881719957	0.976702508960609	0.0
11	0.79928315412184	0.0967741935483806	0.0125448028673975	0.0913978494623817
12	0.887096774193556	0.0125448028673937	0.0430107526881785	0.0573476702508713
13	0.817204301075572	0.0465949820789326	0.107526881720075	0.0286738351254201
14	0.458781362006862	0.103942652329969	0.356630824372893	0.0806451612902758
