Pos	A	C	G	T
1	0.316151202749063	0.123711340206025	0.0687285223368138	0.491408934708098
2	0.288659793814	0.113402061856	0.134020618557	0.463917525773
3	0.164948453608053	0.828178694158265	0.0	0.0068728522336822
4	0.0	0.79725085910633	0.00343642611683711	0.199312714776833
5	0.635738831614873	0.209621993126958	0.0378006872851924	0.116838487972977
6	0.745704467354298	0.0756013745704302	0.0378006872852151	0.140893470790056
7	0.972508591065292	0.0	0.0	0.0274914089347082
8	0.824742268041132	0.00343642611684055	0.0	0.171821305842027
9	0.536082474227	0.0343642611684	0.357388316151	0.0721649484536
10	0.3264604811	0.0	0.103092783505	0.570446735395
11	0.336769759450108	0.0068728522336822	0.65635738831621	0.0
12	0.0240549828179024	0.0	0.975945017182098	0.0
13	0.628865979381503	0.192439862543154	0.0171821305842137	0.161512027491129
14	0.793814432989524	0.0618556701030629	0.0309278350514814	0.113402061855932
15	0.835051546391833	0.0309278350514938	0.0652920962198869	0.0687285223367863
