Pos	A	C	G	T
1	0.260563380281818	0.647887323943547	0.0140845070422901	0.0774647887323458
2	0.0	0.767605633803	0.0	0.232394366197
3	0.478873239437	0.295774647887	0.105633802817	0.119718309859
4	0.73239436619678	0.0140845070422958	0.147887323943956	0.105633802816968
5	0.985915492957704	0.0	0.0	0.0140845070422958
6	0.936619718309906	0.0	0.0	0.0633802816900937
7	0.760563380281772	0.0	0.0140845070422958	0.225352112675932
8	0.23239436619697	0.00704225352112909	0.0	0.760563380281901
9	0.612676056338	0.0	0.387323943662	0.0
10	0.0	0.0	1.0	0.0
11	0.894366197183063	0.00704225352113049	0.0	0.0985915492958069
12	1.0	0.0	0.0	0.0
13	0.964788732394357	0.0	0.0281690140845104	0.00704225352113261
14	0.0985915492958197	0.176056338028035	0.54929577464811	0.176056338028035
