Pos	A	C	G	T
1	0.206081081081	0.748873873874	0.0259009009009	0.0191441441441
2	0.0157657657657984	0.769144144143923	0.0112612612612989	0.20382882882898
3	0.721846846847144	0.0968468468468194	0.079954954955016	0.10135135135102
4	0.862612612613	0.0	0.027027027027	0.11036036036
5	0.966216216216184	0.0	0.00900900900901171	0.0247747747748047
6	0.846846846847203	0.0	0.00675675675676162	0.146396396396035
7	0.757882882883152	0.0	0.0878378378378176	0.154279279279031
8	0.378378378378076	0.0630630630631126	0.0416666666667083	0.516891891892103
9	0.295045045044971	0.010135135135099	0.694819819819931	0.0
10	0.0	0.0146396396395985	0.962837837837904	0.0225225225224977
11	0.715090090090072	0.10022522522501	0.0529279279279053	0.131756756757013
12	0.872747747747825	0.0574324324323885	0.0	0.069819819819786
13	0.858108108108086	0.0382882882883038	0.030405405405403	0.0731981981982073
14	0.381756756757	0.127252252252	0.297297297297	0.193693693694
15	0.425675675676	0.111486486486	0.138513513514	0.324324324324
