Pos	A	C	G	T
1	0.285714285714286	0.346938775510204	0.244897959183673	0.122448979591837
2	0.313725490196078	0.215686274509804	0.196078431372549	0.274509803921569
3	0.12280701754386	0.245614035087719	0.614035087719298	0.0175438596491228
4	0.0	1.0	0.0	0.0
5	0.691176470588235	0.176470588235294	0.132352941176471	0.0
6	0.898550724637681	0.0579710144927536	0.0434782608695652	0.0
7	0.0	1.0	0.0	0.0
8	1.0	0.0	0.0	0.0
9	0.130434782608696	0.101449275362319	0.463768115942029	0.304347826086957
10	0.594202898550725	0.0579710144927536	0.0579710144927536	0.289855072463768
11	0.492753623188406	0.0869565217391304	0.144927536231884	0.27536231884058
12	0.391304347826087	0.130434782608696	0.246376811594203	0.231884057971014
