Pos	A	C	G	T
1	0.0769230769230769	0.230769230769231	0.0769230769230769	0.615384615384615
2	0.0666666666666667	0.266666666666667	0.533333333333333	0.133333333333333
3	0.0	0.75	0.0625	0.1875
4	1.0	0.0	0.0	0.0
5	1.0	0.0	0.0	0.0
6	0.0	0.0	0.0	1.0
7	0.8	0.0	0.2	0.0
8	1.0	0.0	0.0	0.0
9	0.0	0.0	0.0	1.0
10	0.0416666666666667	0.0	0.0416666666666667	0.916666666666667
11	0.130434782608696	0.173913043478261	0.565217391304348	0.130434782608696
12	0.210526315789474	0.368421052631579	0.210526315789474	0.210526315789474
13	0.526315789473684	0.157894736842105	0.263157894736842	0.0526315789473684
14	0.235294117647059	0.176470588235294	0.176470588235294	0.411764705882353
