Pos	A	C	G	T
1	0.166666666666667	0.833333333333333	0.0	0.0
2	0.973684210526316	0.0263157894736842	0.0	0.0
3	0.974358974358974	0.0256410256410256	0.0	0.0
4	0.0512820512820513	0.0	0.0	0.948717948717949
5	0.564102564102564	0.205128205128205	0.179487179487179	0.0512820512820513
6	0.974358974358974	0.0	0.0	0.0256410256410256
7	0.0512820512820513	0.0	0.0	0.948717948717949
8	0.0512820512820513	0.0	0.153846153846154	0.794871794871795
9	0.0769230769230769	0.102564102564103	0.794871794871795	0.0256410256410256
