Pos	A	C	G	T
1	0.304347826086957	0.0869565217391304	0.565217391304348	0.0434782608695652
2	0.0	0.0	0.0	1.0
3	1.0	0.0	0.0	0.0
4	1.0	0.0	0.0	0.0
5	0.0	1.0	0.0	0.0
6	0.0434782608695652	0.565217391304348	0.326086956521739	0.0652173913043478
7	0.0	0.0	1.0	0.0
8	0.108695652173913	0.173913043478261	0.0	0.717391304347826
9	0.0888888888888889	0.177777777777778	0.0	0.733333333333333
10	0.0666666666666667	0.0444444444444444	0.0	0.888888888888889
11	0.146341463414634	0.170731707317073	0.024390243902439	0.658536585365854
12	0.292682926829268	0.170731707317073	0.024390243902439	0.51219512195122
13	0.275	0.1	0.075	0.55
