Pos	A	C	G	T
1	0.372371069090832	0.164004006072553	0.206415443663372	0.257209481173243
2	0.169774903090132	0.107176119746649	0.59852809124197	0.124520885921249
3	0.808079617166335	0.000263068872390349	0.000200821382790267	0.191456492578485
4	0.097086807445852	7.48844211825663e-06	1.13971210146536e-05	0.902894306991015
5	0.353862964636787	0.181074714386107	0.125074521644653	0.339987799332453
6	0.131246118801665	0.418666361644516	0.114099894247055	0.335987625306764
7	0.196492581565001	0.164124400149534	0.428643117003731	0.210739901281734
8	0.232136195023767	0.269703780348431	0.256550171768672	0.24160985285913
9	0.241508458344406	0.236726270462346	0.195762951609465	0.326002319583783
