Pos	A	C	G	T
1	0.437875271423624	0.126714193002309	0.18529221167798	0.250118323896087
2	0.461832651854594	6.36219082597323e-05	0.0477129381149479	0.490390788122198
3	0.068995076754575	0.000245130428619621	0.081780199192071	0.848979593624734
4	0.461039233878318	0.137480645281046	0.153466629436916	0.248013491403719
5	0.271314664249116	0.183695458594123	0.19311372615391	0.351876151002851
6	0.262871113863969	0.217383668666649	0.198673713966138	0.321071503503243
7	0.197727417126453	0.269586526248582	0.189974414207246	0.342711642417719
8	0.208285674515264	0.262148352002898	0.264782986740919	0.264782986740919
9	0.206751405405284	0.287584615417818	0.290474888853113	0.215189090323785
