Pos	A	C	G	T
1	0.32226116532327	0.225912944892243	0.225912944892243	0.225912944892243
2	0.20041992243132	0.20071129527369	0.195798114107956	0.403070668187035
3	9.33887315288763e-05	9.33887315288763e-05	9.33887315288763e-05	0.999719833805413
4	9.33887315288763e-05	9.33887315288763e-05	0.999719833805413	9.33887315288763e-05
5	0.999719833805413	9.33887315288763e-05	9.33887315288763e-05	9.33887315288763e-05
6	9.33887315288763e-05	9.33887315288763e-05	9.33887315288763e-05	0.999719833805413
7	9.33887315288763e-05	9.33887315288763e-05	9.33887315288763e-05	0.999719833805413
8	9.33887315288763e-05	9.33887315288763e-05	0.999719833805413	9.33887315288763e-05
9	0.738489371895408	0.115539838232039	0.121790346033267	0.0241804438392855
10	0.235872853109798	0.353572539230271	0.143423612220102	0.267130995439828
