Pos	A	C	G	T
1	0.18519910330195	0.317802932107647	0.194694464374453	0.302303500215949
2	0.778645289478369	0.000277358496787349	0.118813567106325	0.102263784918518
3	0.353244999632012	0.462738391896115	0.0699067259040917	0.114109882567781
4	6.00859027702276e-05	0.914173127147319	0.0846072508959261	0.00115953605398413
5	0.26950331248021	0.211998814255251	0.220650649991386	0.297847223273153
6	0.425775059412065	0.111487355121809	0.282565724700187	0.180171860765939
7	0.341785957040515	0.389235548890963	0.0940836880641188	0.174894806004403
8	0.211014945596007	0.388358531447084	0.124204445665334	0.276422077291575
9	0.252102659722681	0.230404482613881	0.270382165065327	0.247110692598111
