Pos	A	C	G	T
1	0.359548080937239	0.163179025208895	0.315717527074176	0.16155536677969
2	0.113225251498816	0.159075544275084	0.149811705760403	0.577887498465697
3	0.0872292942079893	0.0627112098601343	0.0141333919018258	0.835926104030051
4	0.294546454171882	0.047724110436779	0.587241840875725	0.0704875945156144
5	0.0454694579572191	0.834673680261985	0.0113253190947896	0.108531542686007
6	0.905346600134958	0.0249860546332378	0.049815085230942	0.0198522600008627
7	0.0907925875437149	0.779441507293172	0.0508346214669513	0.0789312836961617
8	0.0987469268927155	0.519340783317077	0.0731535226821553	0.308758767108052
9	0.329848539921025	0.264709653776934	0.218904066040845	0.186537740261195
10	0.238820288515689	0.294627350203896	0.220458912180583	0.246093449099832
