Pos	A	C	G	T
1	0.304311555615079	0.231896147633801	0.231896147633801	0.231896147633801
2	0.299252465448347	0.134776944544541	0.359741510793177	0.206229077730417
3	3.93523926284232e-05	0.999881941338596	3.93523926284232e-05	3.93523926284232e-05
4	0.999881941338596	3.93523926284232e-05	3.93523926284232e-05	3.93523926284232e-05
5	3.93523926284232e-05	0.999881941338596	3.93523926284232e-05	3.93523926284232e-05
6	3.93523926284232e-05	3.93523926284232e-05	0.999881941338596	3.93523926284232e-05
7	3.93523926284232e-05	3.93523926284232e-05	3.93523926284232e-05	0.999881941338596
8	3.93523926284232e-05	3.93523926284232e-05	0.999881941338596	3.93523926284232e-05
9	0.0904114393628143	0.808940055090154	0.0825052996755671	0.0181432043879478
10	0.212499526070745	0.338255462637011	0.237241433638271	0.212003576170456
