Pos	A	C	G	T
1	0.242241910447893	0.162379608574162	0.24467648212227	0.350701998855675
2	0.221364982995062	0.232714608370514	0.142567111411864	0.403353297222559
3	0.184213827025291	0.142038363461031	0.142038363461031	0.531709446052647
4	0.158227953041684	0.152023746262166	0.0732616100399613	0.616486690656189
5	0.242948771499266	0.0649001934511558	0.562758511270605	0.129392523778973
6	0.152938565805483	0.0918389326039909	0.221414455619727	0.533808045970799
7	0.267528509259742	0.445512870828877	0.121416421533379	0.165542198378002
8	0.228430567637456	0.311447972736071	0.24499365263682	0.215127806989653
9	0.197570046874502	0.218348670084855	0.280365242077083	0.30371604096356
10	0.234067948601474	0.236420370593568	0.243620442795879	0.285891238009078
