Pos	A	C	G	T
1	0.27028643006779	0.232637686284693	0.204278089391005	0.292797794256513
2	0.22498406906632	0.258793279801154	0.106274949139964	0.409947701992561
3	0.00401122864168501	3.10192552506281e-08	0.089935935429531	0.906052804909529
4	0.0381802483179918	0.00140820849091817	0.899931205094628	0.0604803380964619
5	9.02189365818299e-05	0.0128646606182173	0.00022866072272566	0.986816459722475
6	0.0535567294287057	0.863282043163867	0.00164994417804961	0.0815112832293778
7	0.061072128143343	0.0274414760787898	0.79795770420886	0.113528691569007
8	0.121391172320779	0.138243712520919	0.651331129302467	0.0890339858558348
9	0.22784235088784	0.336518776272246	0.21673034831376	0.218908524526153
