Pos	A	C	G	T
1	0.193275829375215	0.300100775412363	0.279812108346778	0.226811286865645
2	0.289446501432731	0.467767081731808	0.16699610413242	0.0757903127030404
3	0.0339655381821385	0.0132678846589821	0.939498692499897	0.0132678846589821
4	0.032072797988561	0.905066349725687	0.035802161052223	0.027058691233529
5	0.0970553117996941	0.850037988092885	0.0205997932839999	0.0323069068234205
6	0.0426486450836321	0.0104123802352429	0.927966380899597	0.0189725937815283
7	0.129323458451234	0.591295974901875	0.130623180816351	0.148757385830539
8	0.0346507596793668	0.902636250787217	0.0244179776471985	0.0382950118862178
9	0.383810260441554	0.175940930610207	0.239882283385185	0.200366525563053
10	0.232501882006753	0.254397580200986	0.223385352816637	0.289715184975624
