Pos	A	C	G	T
1	0.190014354944333	0.292100996699139	0.234416540763344	0.283468107593183
2	0.172680268901917	0.226205013594255	0.188942309532907	0.412172407970921
3	0.306697853996493	0.037934579135575	0.57585913524022	0.0795084316277126
4	3.55009202787179e-06	0.888218921131996	0.0181599432119169	0.0936175855640595
5	0.0357836314003013	0.87786301741573	0.0464088681711711	0.0399444830127978
6	0.0403589577126115	0.0361549319846181	0.895886176605311	0.0275999336974595
7	0.536441884188888	0.241038876164248	0.0763217710582271	0.146197468588637
8	0.0942543470060663	0.710519893899477	0.0981009398777193	0.0971248192167371
9	0.420878426761359	0.156388613164696	0.221926005898407	0.200806954175539
