Pos	A	C	G	T
1	0.194982073257333	0.331261343828663	0.0731789361826446	0.400577646731359
2	0.0625655963106225	0.319326965172062	0.401904921520696	0.21620251699662
3	0.863018740100837	0.0358891997082159	0.0540784844100624	0.0470135757808852
4	0.0160117421348498	0.78314850209043	0.111421726085976	0.0894180296887442
5	0.0579166927871233	0.135504607933907	0.75672933982767	0.0498493594512994
6	0.0205962621001625	0.0261829806935674	0.00450464734924523	0.948716109857025
7	0.0456509602283414	2.26850334708323e-10	0.954344426999086	4.61254572192677e-06
8	0.00011926627413812	0.0516042127300325	0.610088062067384	0.338188458928446
9	0.279664515180854	0.535708797196498	0.102882825577589	0.0817438620450589
10	0.362039755626639	0.293463722336257	0.151677116531301	0.192819405505803
