Pos	A	C	G	T
1	0.122120858980189	0.171573406571922	0.426243680010717	0.280062054437172
2	0.373301405208167	0.503904189675214	0.108027535224335	0.0147668698922843
3	0.0257738616304416	0.879506419060055	0.00294279810063187	0.0917769212088713
4	0.939211429261759	0.00159207885657987	0.0565452169803671	0.00265127490129363
5	0.0850795179451915	0.592047177888489	0.219990931325524	0.102882372840795
6	0.135010776450244	0.201412410742593	0.593095007136352	0.070481805670812
7	0.142095976120999	0.182454844940715	0.143524064422761	0.531925114515525
8	0.247170747035315	0.281485062245187	0.290057558629272	0.181286632090226
9	0.309132145702088	0.141708033896185	0.352048461715852	0.197111358685874
