Pos	A	C	G	T
1	0.241533840998166	0.236751150505887	0.300969698906026	0.220745309589921
2	0.0763374830719276	0.724269873523743	0.115026677155568	0.0843659662487618
3	0.987568799387321	0.000161257335331442	0.0120040748785527	0.000265868398794922
4	0.000290875267883891	0.911543450527473	0.000358846436159671	0.0878068277684838
5	0.080149647184383	0.000196694302019171	0.910410390747529	0.00924326776606861
6	0.0160425225587513	0.0990121783812456	0.000250384600194241	0.884694914459809
7	0.038780820989141	0.000199473441048068	0.960953306629308	6.63989405029897e-05
8	0.129348663396913	0.25531844634362	0.568221652060067	0.0471112381993996
9	0.163488887300597	0.207835109059452	0.426983350337617	0.201692653302334
