Pos	A	C	G	T
1	0.253826475228385	0.204611156806144	0.300344946170677	0.24121739793105
2	0.269238590819663	0.227841336518208	0.333993728233195	0.168926381079521
3	0.129932045051934	0.79627787868388	0.0187756072328452	0.055014542635424
4	0.681995190569916	0.0849547362857631	0.120073601384855	0.112976443920208
5	0.00224059695168174	0.864955381276657	2.23452134862873e-11	0.132804245496677
6	0.132804245496677	2.23452134862873e-11	0.864955381276657	0.00224059695168174
7	0.112976443920208	0.120073601384855	0.0849547362857631	0.681995190569916
8	0.055014542635424	0.0187756072328452	0.79627787868388	0.129932045051934
9	0.168926381079521	0.333993728233195	0.227841336518208	0.269238590819663
10	0.24121739793105	0.300344946170677	0.204611156806144	0.253826475228385
