Pos	A	C	G	T
1	0.226290097486008	0.321129702452347	0.226290097486008	0.226290097486008
2	0.574041705216929	0.170940916477202	0.17168443677683	0.0833329364394104
3	0.177659197313354	0.0833329364394104	0.479715444342986	0.259292416814623
4	0.0833329364394104	0.265267177351145	0.17168443677683	0.479715444342986
5	0.648765763868416	0.144790252309264	0.150005226760848	0.056438751971844
6	0.000121616073792158	0.999635146688996	0.000121616073792158	0.000121616073792158
7	0.803101033553608	0.000121616073792158	0.000121616073792158	0.196655729209181
8	0.000121616073792158	0.803101033553608	0.196655729209181	0.000121616073792158
9	0.0238315173153769	0.0238315173153769	0.0238315173153769	0.928505442964242
10	0.289886351336699	0.268959548979458	0.274365416232241	0.166788678361974
11	0.268959548979458	0.166788678361974	0.289886351336699	0.274365416232241
12	0.274365416232241	0.166788678361974	0.268959548979458	0.289886351336699
13	0.193682862829542	0.193682862829542	0.316780535804266	0.295853733447024
