Pos	A	C	G	T
1	0.28563337546802	0.222451496495214	0.253334078116226	0.23858104992054
2	0.25677719194451	0.259357845626518	0.234676683388031	0.249188279040941
3	0.228058105717351	0.244594184180306	0.259719043832464	0.267628666269879
4	0.232849275196529	0.25224260853448	0.24973275264444	0.265175363624552
5	0.255440012401054	0.193057408299094	0.290902336352727	0.260600242947126
6	0.656471513981042	0.0952856576412213	0.103221720656244	0.145021107721492
7	0.64690288867073	0.000765057862763633	0.0866776607218341	0.265654392744672
8	0.0779636542634524	0.559052142386537	0.325786658991398	0.0371975443586124
9	0.264347036702257	0.142204018003504	0.135268646208304	0.458180299085935
