Pos	A	C	G	T
1	0.207197542567233	0.318515981149064	0.260778829122353	0.21350764716135
2	0.475803761596362	0.241050270683864	0.152171093639562	0.130974874080213
3	0.0586015722779391	0.029393146267684	0.898531286512322	0.0134739949420549
4	0.991127430071461	0.000593833153567195	0.00205205784085957	0.0062266789341126
5	0.00206362170344176	0.0205829393798491	0.000376989685204676	0.976976449231505
6	0.026990677493351	0.649038169537321	0.132355505797291	0.191615647172038
7	0.0595378977604107	0.378650284393036	0.10848512283398	0.453326695012574
8	0.384071558970088	0.157721195183334	0.369011897739722	0.0891953481068558
9	0.313879997740814	0.186608108270139	0.320220794301692	0.179291099687354
