Pos	A	C	G	T
1	0.305450979537944	0.199343992130859	0.199343992130859	0.295861033592746
2	0.165387348886344	0.451851438969582	0.0887650150106826	0.293996194525801
3	0.857598678996697	0.0227154278294982	0.0969704627367148	0.0227154278294982
4	0.000121158959597837	0.000121158959597837	0.999636520513615	0.000121158959597837
5	0.999636520513615	0.000121158959597837	0.000121158959597837	0.000121158959597837
6	0.000121158959597837	0.000121158959597837	0.000121158959597837	0.999636520513615
7	0.000121158959597837	0.999636520513615	0.000121158959597837	0.000121158959597837
8	0.000121158959597837	0.0743761938668145	0.000121158959597837	0.925381485606399
9	0.453473554423468	0.0507771661768407	0.291262575694785	0.204486701097316
10	0.161356143297017	0.161356143297017	0.515931567501356	0.161356143297017
11	0.317782805957803	0.227405730478201	0.227405730478201	0.227405730478201
