Pos	A	C	G	T
1	0.264061831089273	0.196601693848038	0.218218540031281	0.32111779821086
2	0.227786030344743	0.283190735908917	0.190744639940445	0.298278709804668
3	0.307151426212996	0.10138135031627	0.308875085930577	0.282592173238569
4	0.206026599907105	0.438613804930896	0.0783364467006165	0.277023190998946
5	0.0961325242825685	0.712363858362119	0.0539614141810246	0.137541855124388
6	0.137541855124388	0.0539614141810246	0.712363858362119	0.0961325242825685
7	0.277023190998946	0.0783364467006165	0.438613804930896	0.206026599907105
8	0.282592173238569	0.308875085930577	0.10138135031627	0.307151426212996
9	0.298278709804668	0.190744639940445	0.283190735908917	0.227786030344743
10	0.32111779821086	0.218218540031281	0.196601693848038	0.264061831089273
