Pos	A	C	G	T
1	0.371858470216135	0.181002949297536	0.190283168953707	0.256855411532622
2	0.609458917798812	0.091155928837338	0.156424199399442	0.142960953964408
3	0.0429176317706334	0.00421766956140023	0.897203530778633	0.0556611678893333
4	0.977189000946916	0.000806283456609326	0.000790317974480315	0.0212143976219944
5	0.0342122837584457	0.000281558441529534	6.53880835956573e-05	0.965440769716429
6	0.320055540345036	0.234743761901076	0.0217256707396271	0.423475027014261
7	0.0467660175831409	0.564057850886652	0.0826948080110788	0.306481323519128
8	0.0988085292541558	0.138820805094788	0.465533439244745	0.296837226406311
9	0.19216600234966	0.343215865246485	0.292469267852359	0.172148864551496
10	0.218282987885894	0.207637200946748	0.168307443970749	0.405772367196609
