Pos	A	C	G	T
1	0.323936882108225	0.225354376895061	0.225354376895061	0.225354376895061
2	0.202124705273694	0.202124705273694	0.202124705273694	0.393625896972325
3	0.273708145821136	0.369764750123177	0.178263558424547	0.178263558424547
4	0.329096509196661	0.186213944171374	0.194316477561666	0.290373081863707
5	0.834252174629126	0.0254597030068006	0.0254597030068006	0.114828432150682
6	0.000286572118882724	0.0876286261251799	0.911798242430464	0.000286572118882724
7	0.999140296436759	0.000286572118882724	0.000286572118882724	0.000286572118882724
8	0.000286572118882724	0.000286572118882724	0.000286572118882724	0.999140296436759
9	0.728266998979987	0.0249321984221734	0.0249321984221734	0.221868616969075
10	0.0481618700435406	0.6727277612599	0.0481618700435406	0.230948511446427
11	0.159365070898985	0.0720230168926879	0.696588908109048	0.0720230168926879
12	0.341475937847712	0.243324548492218	0.263784841301321	0.151414685152158
13	0.224826872310434	0.224826872310434	0.224826872310434	0.325519395862105
