Pos	A	C	G	T
1	0.15490954766893	0.345159187619806	0.15490954766893	0.345021712077492
2	0.362429818408257	0.0758251125433779	0.297692300733082	0.264052763350443
3	0.000180241871614292	0.000180241871614292	0.999459269420317	0.000180241871614292
4	0.999459269420317	0.000180241871614292	0.000180241871614292	0.000180241871614292
5	0.000180241871614292	0.000180241871614292	0.000180241871614292	0.999459269420317
6	0.905503710493393	0.0941358007985375	0.000180241871614292	0.000180241871614292
7	0.999459269420317	0.000180241871614292	0.000180241871614292	0.000180241871614292
8	0.0956484592411404	0.094452333751756	0.711682398993268	0.0982168030489949
9	0.0952706929614738	0.0952706929614738	0.714187916150739	0.0952706929614738
10	0.174355128087026	0.28067227148645	0.174355128087026	0.370617467374659
