Pos	A	C	G	T
1	0.216143393513129	0.238437434797437	0.274025068254601	0.271393962154581
2	0.171432940821263	0.180083798119462	0.379232471401131	0.269250606830625
3	0.216373418256078	0.197166392761863	0.362266731922981	0.22419357256432
4	0.146450119806532	0.469837379886074	0.170116278965342	0.213596290527068
5	0.152170919884466	0.54503011563904	0.187416088134861	0.115382935446625
6	0.115382935446625	0.187416088134861	0.54503011563904	0.152170919884466
7	0.213596290527068	0.170116278965342	0.469837379886074	0.146450119806532
8	0.22419357256432	0.362266731922981	0.197166392761863	0.216373418256078
9	0.269250606830625	0.379232471401131	0.180083798119462	0.171432940821263
10	0.271393962154581	0.274025068254601	0.238437434797437	0.216143393513129
