Pos	A	C	G	T
1	0.23267165334348	0.326891478738601	0.198269704270503	0.242167163647415
2	0.207540180963859	0.0543434974540609	0.636080395858966	0.102035925723114
3	0.0443138416068294	0.0832041377999751	0.0258238137547125	0.846658206838483
4	0.934181995849713	0.0514017015555456	0.0111303017503841	0.00328600084435754
5	0.0444832625399983	0.893470211758338	0.0049288859855239	0.0571176397161402
6	0.196891796235247	0.105916846603865	0.557049619797169	0.140141737363719
7	0.263864424384657	0.104108687692384	0.413821792048359	0.218205095874601
8	0.252470547715168	0.252470547715168	0.204648648556638	0.290410256013026
9	0.269005724509287	0.258457859181788	0.195338247830285	0.277198168478641
