Pos	A	C	G	T
1	0.274128678250698	0.217585606624335	0.26308617071699	0.245199407416469
2	0.196692779388294	0.32114408820942	0.168078476070253	0.314084805473288
3	0.202735565230565	0.364278022815461	0.176236803001704	0.256749500979258
4	0.186381936234143	0.0689335496988429	0.619730355322399	0.124954383318246
5	0.0969052973368327	0.101768205083484	0.0881996110629188	0.713126883100676
6	0.713126883100676	0.0881996110629188	0.101768205083484	0.0969052973368327
7	0.124954383318246	0.619730355322399	0.0689335496988429	0.186381936234143
8	0.256749500979258	0.176236803001704	0.364278022815461	0.202735565230565
9	0.314084805473288	0.168078476070253	0.32114408820942	0.196692779388294
10	0.245199407416469	0.26308617071699	0.217585606624335	0.274128678250698
